2659
1
2
2226
4
5
6
7
2099
8309
10
6382
12
4951
8400
15
207
17
18
6027
20
8282
22
23
24
25
26
27
28
8688
30
31
32
33
34
35
36
37
38
39
40
41
1803
43
44
45
46
47
48
49
50
51
52
53
54
55
56
57
58
8001
60
61
3114
63
6030
65
9411
9052
68
69
70
71
72
73
74
75
2070
77
78
8327
80
81
82
83
84
85
86
87
88
89
90
6556
4377
93
94
95
96
97
98
99
100
101
2956
103
104
105
106
107
108
109
110
1168
112
113
3111
115
116
117
118
3623
120
121
122
123
124
7404
126
127
128
129
9226
131
2883
3490
134
3086
136
137
138
139
140
141
142
2162
144
145
146
147
4676
149
150
151
152
8199
154
155
156
157
158
159
160
161
8046
163
164
8332
166
2061
3422
169
6524
171
172
173
174
175
176
177
178
4888
180
181
182
183
184
185
186
3493
188
189
190
191
192
193
4825
195
6378
4643
198
199
3516
9966
9313
3994
204
205
4905
16
208
209
210
211
212
213
214
215
216
217
218
219
220
221
222
223
224
225
226
882
228
229
230
231
232
233
2327
235
236
9199
1458
2694
240
241
242
243
244
245
246
247
248
249
250
251
252
253
4021
255
256
257
258
7416
260
7344
262
263
264
265
266
267
268
8184
270
271
272
273
274
275
276
5686
278
279
8802
281
282
283
284
285
286
287
288
289
290
291
292
293
294
2647
296
1348
298
299
300
7101
302
303
4016
305
306
8331
9388
309
4006
311
312
6544
314
9622
316
317
318
319
320
8832
322
323
7591
325
9350
327
328
5260
330
331
332
333
334
335
336
337
338
339
340
341
342
343
344
345
346
347
348
349
350
351
352
353
354
355
356
357
358
359
360
361
362
2444
364
365
366
7316
368
369
370
3829
372
373
374
375
376
377
378
1554
380
381
382
383
384
385
3787
387
388
4015
390
391
392
393
394
395
396
397
398
399
400
401
6258
403
8201
405
406
2942
408
409
410
411
412
413
414
415
416
417
418
1514
420
421
422
423
8339
425
426
427
428
429
430
6106
432
433
434
812
436
437
438
439
440
441
442
443
444
445
1206
447
448
449
450
451
452
453
454
7198
456
457
458
459
460
6366
5601
463
8762
465
7268
467
468
469
470
471
472
473
474
475
4625
4135
2680
6043
480
4750
482
483
484
485
486
6610
488
7552
490
491
492
493
494
495
496
497
498
6954
7468
501
502
503
504
505
9220
507
508
509
3995
511
512
513
514
515
516
517
518
519
520
521
522
523
524
525
526
2011
528
529
530
531
532
533
8736
535
536
537
538
539
540
541
542
543
544
6138
546
547
548
549
550
551
8215
553
9657
555
556
3336
5877
559
560
561
562
563
564
565
566
567
568
569
8908
571
572
573
574
575
576
577
578
579
580
5352
582
583
1427
585
586
587
588
589
590
591
9648
5533
594
595
596
597
598
599
600
6961
602
603
604
605
6599
607
608
4219
610
8740
5072
464
614
615
616
617
618
619
2005
2211
1834
623
5010
625
626
627
628
629
7480
2022
632
633
3939
2528
636
637
638
639
6105
641
642
643
7602
6712
646
647
648
649
650
651
652
653
8091
4194
656
657
658
659
5148
661
662
8625
664
665
666
9103
668
669
670
671
672
673
674
675
676
677
678
3075
680
681
682
683
684
685
686
687
688
689
690
691
7653
693
694
695
696
697
698
699
700
701
702
703
704
705
706
707
3810
709
1091
711
712
713
9759
715
716
717
718
2278
720
5119
722
723
724
725
726
727
728
729
730
5396
2175
630
734
735
736
737
738
739
740
741
742
743
744
745
746
747
748
749
5310
751
752
753
754
755
7100
757
758
759
760
761
762
5370
764
765
1498
767
4454
769
770
771
772
773
774
775
776
5238
778
779
780
781
782
783
2101
785
786
787
788
789
790
984
792
793
9947
795
796
7524
798
4291
6325
801
802
2506
804
805
9615
807
808
2746
995
811
8690
813
814
815
816
817
818
819
820
821
822
823
402
825
826
827
828
829
830
831
832
833
834
835
836
837
7262
839
840
841
842
843
844
1075
846
847
4599
849
850
851
9722
853
854
855
856
857
858
9131
860
861
5306
863
864
1607
866
867
868
869
870
871
872
873
874
875
876
1131
878
879
880
881
227
883
5960
885
1925
887
888
889
890
891
892
893
894
895
896
897
898
899
8227
901
2268
903
904
905
906
907
908
909
910
911
912
913
914
915
916
917
918
919
920
3941
9469
923
924
3327
926
1855
8853
929
930
931
932
6689
934
2128
936
937
6864
939
940
941
6367
943
944
945
946
4488
948
949
950
951
952
953
954
955
956
7702
9113
959
5475
961
962
963
964
965
966
967
968
969
970
971
972
5424
4180
6466
976
977
978
979
7437
4929
982
1763
791
985
986
987
988
4755
990
991
992
3360
994
810
996
997
998
999
1614
1001
1002
1003
3123
1005
1006
1007
1008
1009
1010
1011
1012
1013
1014
1015
1541
4707
1018
1019
1020
8528
1022
1023
1024
2472
8531
1027
1028
1029
1030
9215
1032
1033
1034
1035
1036
1037
9047
3249
1040
1041
1042
1043
7027
1045
1046
1047
1048
1049
1050
1051
5029
1053
1054
1055
1056
1057
1058
1059
1060
1061
1062
3374
1064
1065
1066
1067
1068
1069
1070
1071
1072
7806
1074
3019
1076
1077
1078
1079
1080
1081
1082
9670
1084
1085
1086
1087
1088
1089
1090
1162
1092
1093
9163
8584
1096
1097
1098
1099
1100
1101
1102
4933
1104
1105
1106
1107
1108
1109
1110
1111
1112
1113
1114
1115
1116
1117
1118
5366
1120
1121
1122
1123
1124
1125
2691
1127
1128
1129
1130
2524
1132
1133
1134
1135
1136
1137
1138
1139
1140
1141
1142
1143
1144
404
1146
1147
1148
1149
1150
1151
1152
1153
1154
1155
1156
1157
1158
1159
5491
1161
710
1163
1164
1165
1904
1167
111
1169
1170
1171
1172
2438
4399
1175
1176
1177
1178
1179
1180
6071
1182
1183
6074
1185
1186
1187
1188
1189
1190
4143
1192
1193
1194
1195
1196
1197
1747
1199
1200
1201
1202
1203
1204
1205
446
4237
1208
1209
4665
1211
1212
1213
1214
1215
1216
1217
1218
5888
1220
1221
1222
8836
1224
1225
1226
1227
4368
1229
9747
1231
1232
1233
1234
1235
1236
1237
1238
1239
1240
1241
1242
1243
1244
1245
1246
1247
1248
2298
1250
1251
1252
1253
1254
1255
1256
1257
1258
2544
5471
1261
1262
1263
1264
1265
1266
9852
1268
1269
1270
1271
1272
1273
4093
1275
2168
1277
1278
1279
1280
1281
1282
1283
1284
1285
1286
1287
1288
1289
1290
1291
1292
1293
4270
1295
1296
2062
1298
1299
1300
1301
1302
1303
1304
1305
2058
1307
1308
1309
1310
6076
1312
8851
1314
1315
1316
1317
1318
1319
1320
1321
1322
1323
1324
1325
9266
9547
1328
1329
1330
7461
1332
1333
1334
1335
1336
1337
1338
1339
1340
1341
1342
1343
1344
1345
1346
1347
297
1349
1350
1351
9621
202
1354
1355
1356
1357
1358
1359
1360
1361
1362
1363
1364
4197
1366
1367
1368
1094
1370
1371
1372
1373
1374
1375
1376
1377
1378
1379
1380
1381
1382
76
1384
3951
1386
1387
1388
1389
1390
8856
1392
1393
1394
1395
1396
1397
1398
1399
8615
1736
1402
1403
1404
1405
1406
1407
1408
1409
1410
1411
6777
4107
1414
1415
1416
9086
9827
1419
1420
1421
1422
1423
259
5278
1426
584
1428
1429
2294
238
1432
1433
1434
1435
1436
4955
1438
1439
1440
1441
1442
1443
1444
1445
1446
1447
1448
1449
1450
1451
1452
1453
1454
1455
1456
1457
1431
1459
1460
1461
1462
1463
7109
1465
1466
1467
1468
1469
1470
7207
1472
1473
1474
1475
1198
1477
1478
8641
1480
5456
1482
1483
1484
1485
1486
2304
1488
1489
1490
1491
8446
1493
1494
1495
1496
1497
766
8272
1500
1501
1502
4742
4407
1505
4549
1507
1508
1509
1510
1511
3666
1513
419
1515
1516
1517
1518
2623
1520
1521
1522
1523
1524
1525
1526
1527
2874
1529
1530
1531
1532
1533
1534
1535
1536
1537
1538
1539
1540
8706
9401
1543
1544
1545
1546
1547
1548
1549
1550
1551
1552
7825
379
1555
1556
1557
1558
6871
1560
1561
4780
9512
6944
1565
1566
1567
1568
1569
1570
1571
1572
1573
1574
1575
1576
7053
1578
1579
1580
1581
1582
1583
1584
1585
1586
1587
1588
1589
1590
1674
1592
1593
1594
1595
1596
1597
1598
4602
1600
1601
1602
1603
1604
9590
1606
865
1608
1609
1610
1611
1612
1613
1000
1615
1616
1617
1618
1619
1620
4847
1622
1623
1624
1625
1626
1627
8599
1629
1630
1631
1632
1633
1634
1635
1636
4747
1638
1639
1640
1641
1642
1643
1644
1645
1646
1647
1648
1649
2339
1651
1652
1653
1654
6832
1656
1657
1658
1659
9112
1661
6889
1663
1664
1665
1666
1667
1668
1669
1670
1671
1672
1673
1591
2404
1676
1677
1678
3622
1680
4775
4928
1683
1684
1685
1686
1687
1688
1689
1690
1691
1692
1693
9383
1695
1696
1697
1698
2353
1700
9031
1702
1703
1704
1705
1706
2428
1708
1836
1710
1711
1712
1713
1714
1553
1716
1717
1718
2299
1720
1721
1722
1723
1724
1725
1726
3655
1728
7831
1730
1731
1732
1733
1734
3940
1401
1737
1738
1739
1740
1741
1742
1743
1744
1745
1746
5777
1748
1749
1750
6638
1752
1753
3051
1755
1756
1757
1758
1759
1760
1877
1762
983
1764
1765
1766
8488
1768
1769
1770
8710
2848
1773
1774
1775
1776
1777
1778
1779
1780
1781
1782
1783
1784
1785
1786
1787
1788
1789
1790
2408
1792
1793
1794
1795
1796
1797
1798
1799
1800
1801
1802
42
1804
1805
1806
1807
4480
9278
1810
1811
1812
1813
1814
1815
1987
1817
1818
1819
3740
1821
1822
1823
1824
1825
1826
1827
1828
1829
1830
1831
1832
1833
622
1835
1709
1837
1838
1839
1840
6569
1842
1843
1844
1365
1846
1847
1848
1849
1850
4114
1852
1853
1854
2030
3811
1857
1858
1859
8916
1861
1862
1863
1864
1865
1866
4573
1868
1869
1870
1871
1872
1873
1874
9435
1876
1761
2012
1879
1880
1881
1882
1883
1884
1885
1886
1887
1888
1889
5669
1891
1892
9195
1894
1895
1896
1897
1898
1899
1900
1901
1902
1903
8923
1905
1906
1907
1908
2832
1910
1911
1912
1913
1914
1915
1916
1917
1918
1919
1920
1921
1922
1923
1924
886
1926
1927
1928
1929
1930
1931
1932
1933
1934
1935
1936
8287
1938
1939
1940
1941
1942
9735
1944
1945
2301
1947
1948
1949
1950
1951
1952
1953
1954
1955
1956
1957
1958
2608
1960
1961
1962
1963
2403
1965
1966
1967
1968
1969
1970
1971
1972
1973
1974
3359
2147
4559
1978
1979
1980
1981
1982
1983
1984
1985
1986
1816
1988
1989
1990
1991
1992
1993
1994
1995
1996
1997
1998
1999
2000
2001
2002
2003
2004
620
2006
2007
2008
2009
2010
527
1878
2013
2014
2015
2016
2017
2018
2019
2020
2021
631
8668
2024
2025
2026
2027
2028
2029
927
2031
2032
2033
2034
7270
2036
2037
2038
2039
4503
2041
2042
2043
2044
2045
2046
2047
2048
2049
2050
2051
2052
2053
2054
2055
2056
2057
1306
2059
2060
167
1297
6829
2719
2065
7141
4833
2068
2069
1383
2071
2072
2073
2074
8100
2076
2077
5226
2079
2080
2081
2082
2083
2084
2085
2086
2087
2088
2089
2090
7014
3802
2093
2094
2095
2096
2097
2098
8
2100
784
2102
2103
2104
9636
2106
2107
2108
6005
2110
2111
2112
8660
2114
2115
2116
2117
6334
2119
2120
8403
2122
2123
2124
2125
2126
2127
935
2129
2130
2131
2132
2133
2134
2135
2136
2137
2138
6607
2140
8754
2142
2143
2144
2145
2146
1976
2148
2149
2150
2295
2152
2153
2154
2155
2156
2157
2158
2159
2160
2161
143
2163
4256
7212
2166
2167
1276
2169
2170
2171
6131
2173
2174
732
2176
2177
2178
5210
2180
2181
2182
2183
2184
2185
2186
2187
2188
2189
5271
7034
2192
2193
2194
2195
2196
2197
2198
2199
2200
2201
2202
2203
2204
2205
2206
2207
2208
2209
2210
8202
2212
2213
2214
2215
2216
2217
6233
2219
5736
2221
2222
2223
2224
2225
3
2227
2228
2229
2230
2231
2232
2233
2234
6336
2236
2237
2238
2239
2240
2241
2242
2243
2244
2245
310
2247
2248
2249
2250
2251
2252
2253
2254
2255
2256
2257
2258
6412
2260
2261
2262
2263
2264
2265
2266
2267
902
2269
2270
2271
7488
2273
2274
2275
2276
2277
719
5307
2280
2281
2282
2283
2284
2285
4453
2287
2288
4944
2290
3833
3765
2293
1430
2151
2296
2297
1249
1719
2300
1946
2302
2303
1487
2305
2306
2307
2308
5735
5796
2311
2105
2313
2314
2315
2316
2317
7152
2319
2320
2321
2322
2323
2324
2325
2326
7009
2328
2329
2330
2331
2332
9725
2334
2335
2336
2337
2338
1650
8614
2341
2342
7892
2344
2345
2346
2347
8777
2349
8238
2351
2352
6130
2354
2355
2356
2357
2358
2359
2360
2361
5263
2363
2364
2365
2366
2367
2368
2369
2370
2371
2372
2373
2374
2375
5518
2377
2378
2379
2380
2381
8328
2383
2384
2385
2386
2387
2388
2389
2390
2391
2392
2393
2394
2395
2396
6570
2398
2399
6700
2401
2402
1964
1675
2405
2406
9868
8906
2409
2410
2411
2412
2413
2414
2415
2416
2417
2418
2419
2420
2421
2422
2423
2424
2425
2426
2427
5954
2429
5468
2431
5135
2433
2434
2435
2436
2437
1173
2439
2440
2441
2442
2443
363
7159
2446
2447
2448
2877
2450
2451
8415
2453
2454
2455
2456
2457
2458
2459
2460
2461
2462
2463
4732
2465
2466
2467
2468
2469
2470
2471
8689
2473
2474
2475
2476
7817
2478
2479
2480
2481
7911
5140
2484
2485
2486
2487
2488
2489
5153
2491
2492
2493
3726
2495
2496
2497
2498
7850
2500
2501
2502
2503
2504
2505
3449
2507
2508
2920
2510
6118
2512
2513
2514
2515
2516
2517
2518
2519
5340
2521
2522
2523
877
2525
2526
2527
635
2529
2530
2531
2532
2533
2534
2535
2536
2537
2538
2539
2540
3536
2542
2543
1259
2545
2546
2547
2548
6439
2550
4159
2552
2553
2554
2555
2556
2557
2558
2559
2560
2964
2562
2563
2564
2565
2566
2567
2568
2569
8827
2571
2572
2573
3430
2575
2576
2577
2578
2579
2580
2581
2582
2583
2584
2585
2586
2587
2588
2589
8068
2591
2592
2593
2594
2595
2596
2597
2598
2599
2600
2601
2602
2603
2604
2605
2606
2607
1959
2609
2610
2611
2612
2613
2614
4110
9369
5666
2618
2619
2620
5289
2622
1519
2624
2625
2626
2627
2628
2629
2630
2631
2632
2633
2634
2635
2636
2637
2638
2639
2640
2641
8602
2643
2644
2645
2646
295
2648
2649
2650
2651
5621
2653
2654
2655
2656
2657
2658
0
2660
2661
2662
2663
2664
2665
2666
9475
2668
2669
2670
2671
2672
2673
2674
2675
2676
2677
2678
2679
478
2681
2682
5673
2684
2685
2686
2687
9923
2689
2690
1126
2692
7430
239
2695
2696
2697
2698
2699
2700
2701
2702
2703
2704
2705
2706
2707
9607
2709
2710
2711
6934
2713
2714
2715
4891
2717
2718
2064
2720
2721
3560
2723
2724
4348
2726
2727
2728
1026
2730
2731
2732
2733
4130
5448
2736
2737
6007
8954
2740
2741
2742
2743
2744
2745
809
2747
2748
2749
2750
2751
2752
2753
2754
2755
2756
7056
2758
2759
2760
2761
2762
2763
2764
4550
2766
3867
2768
2769
6565
3335
2772
2773
2774
2775
2776
2777
9964
2779
2780
5512
2782
2783
2784
2785
2786
2787
2788
2789
2790
2791
2792
2793
5154
6757
2796
2797
2798
2799
2800
2801
2802
7950
5167
2805
2806
3535
2808
2809
2810
2811
5282
2813
2814
2815
3934
2817
2818
2819
2820
2821
8807
2823
2824
2825
2826
2827
8404
8910
2830
2831
1909
2833
2834
2835
5943
2837
4362
2839
2840
2841
2842
2843
2844
2845
2846
2847
1772
6824
2850
2851
2852
2853
2854
2855
2856
2857
2858
2859
2860
4446
2862
2863
2864
2865
2866
2867
2868
2869
8970
2871
2872
2873
1528
2875
2876
2449
2878
2879
2880
2881
2882
8410
2884
2885
2886
2887
2888
7450
2890
2891
2892
2893
2894
2895
2896
5899
5142
2899
2900
2901
2902
2903
2617
2905
9044
2907
2908
2909
8572
2911
2912
2913
6078
2915
2916
2917
2918
2919
2509
2921
2922
2923
2924
2925
2926
2927
2928
2929
2930
2931
2932
2933
2934
2935
2936
2937
2938
2939
6249
2941
407
2943
2944
2945
2946
2947
2948
2949
2950
2951
7300
2953
2954
7467
102
6876
2958
2959
2960
2961
2962
2963
2561
2965
2966
2967
2968
2969
2970
2971
2972
2973
2974
2975
2976
2977
2978
2979
2980
2981
2982
974
2984
2985
2986
2987
2988
2989
2990
2991
2992
2993
2994
9118
2996
8662
2998
8448
3000
3001
3907
3003
3004
3005
3006
3007
3008
3009
3010
5858
3012
3013
3014
3015
3016
3206
3018
845
3020
3021
3022
3023
3024
3025
3026
3027
7445
3029
3030
3031
3032
4663
6548
3035
3036
3037
3038
3039
6473
3041
3042
3043
3044
3045
3046
3047
3048
3049
3050
1754
3052
3053
3054
3055
3056
3057
3058
9740
3060
3061
3062
3063
3064
3065
3066
3067
3068
3069
3070
3071
3072
3073
3074
679
3076
3077
3078
3079
3080
3081
6883
3083
3084
3085
135
3087
3088
3089
3090
4475
3092
7047
3094
3095
3096
3097
3098
3099
3100
3101
3102
3103
3104
3105
3106
3107
3108
3109
3110
4246
3112
3113
4464
3115
5334
3117
4869
3119
3120
3121
3122
1004
7382
3125
3126
3127
3128
3129
3130
3131
3132
3133
3134
3135
3136
3137
3138
3139
3140
4259
3142
3143
3144
3145
3146
3147
3148
3149
9100
9903
3152
3153
3154
3155
3156
3157
3158
3159
3160
3161
3162
3163
3164
3165
3166
3167
3168
3169
3170
3171
3172
3173
5759
3175
148
3177
3178
3179
3180
3181
3182
3183
3184
3185
3186
3187
3230
9168
5390
3191
3192
3193
3194
3195
3196
3197
3198
3199
3200
3201
3202
3203
3204
3205
3017
3207
3208
3209
3210
3211
3212
3213
3214
3215
3216
5833
3218
4562
3220
3221
3222
3223
3224
3225
3226
9008
3228
3229
6231
6294
7879
3233
3234
3235
3236
3237
3238
3239
3240
3241
3242
3243
3244
6878
3246
3247
3248
1039
7599
3251
3252
3253
3254
3255
3256
7442
3258
3259
3260
3263
3262
3261
4789
3265
9326
3267
3268
7295
8995
4276
3272
3273
3274
3275
3276
3277
3278
3279
3280
3281
3282
3283
3284
3285
3286
3287
3288
3289
3290
3291
731
3293
3294
9929
4117
3297
3298
3299
3300
3301
6996
3303
3304
3305
3306
3307
3308
5869
3310
3311
3312
3313
3314
3315
3316
9193
3318
3319
3320
3321
3322
3323
3324
3325
3326
925
3328
3329
3330
3331
3332
3333
3334
2771
557
3337
3338
3339
3340
4700
3342
3343
3344
3345
3346
3347
7146
3349
3350
3351
3352
3353
3354
3355
3356
4305
3358
1975
993
3361
3362
3363
3364
3365
3366
3367
3368
3369
3370
3371
3372
3373
1063
3375
6679
2191
3378
3379
3380
3381
3382
3783
4153
3385
3386
3387
3388
3389
3390
3391
3392
3393
3394
6835
3396
3397
3398
3399
3400
3401
3402
3403
3404
3405
3406
3407
3408
3409
6414
3411
3412
3413
3414
3415
3416
3417
3418
3419
3420
8146
9942
3423
3424
3425
3426
3427
3428
3429
2574
3431
3432
3433
3434
3435
3436
3437
3438
3439
3440
3441
3442
3443
3791
3445
3446
3447
3448
803
3450
3451
3452
3453
9696
3455
3456
3457
3458
3459
3460
3461
3462
3463
3464
3465
3466
3467
3468
3469
4032
3471
8192
3473
3474
3475
3476
3477
3478
3479
3480
3481
3482
3483
3484
3485
3486
4289
3488
3489
133
3491
3492
187
4963
3495
3496
3497
7943
3499
3500
3501
3502
3503
3504
3505
7667
3507
9680
3509
3510
3511
3512
3513
3514
3515
200
3517
3518
6006
3520
3521
3522
3523
3524
9533
3526
3527
3528
3529
3530
3531
3532
3533
3534
1174
654
3537
3538
3539
3540
3541
5152
3543
3544
3545
3546
3547
3548
3549
3550
3551
3552
3553
3554
3555
3556
3557
3558
6818
2722
9189
3562
3563
3564
3565
7194
3567
3568
3569
3570
3854
3572
5007
3574
3575
3576
3577
3578
3579
3580
3581
8350
3583
7957
3585
3586
7827
3588
3589
3590
3591
3592
3593
3594
3595
9152
3597
3598
3599
3600
3601
3602
3603
3604
3605
3606
3607
3608
3609
3610
6423
3612
3613
3614
3615
3616
3617
3618
3619
3620
3621
1679
119
3624
3625
3626
3627
3628
3629
3630
3631
3632
2781
3634
3635
3636
3637
3638
3639
3640
3641
3642
3643
6673
3645
3646
3647
3648
3649
3650
3651
5385
5585
3654
1727
4982
3657
3658
3659
3660
3661
3662
3663
3664
3665
5549
3667
3668
3669
3670
3671
3672
3673
3674
1052
3676
3677
3678
3679
3680
3681
3682
3683
3684
3685
3686
3687
3688
3689
3690
3691
3692
3693
3694
3695
3696
3697
3698
3699
3700
3701
5223
3703
3704
3705
3706
5836
3708
3709
3710
3711
3712
6756
3714
3715
3716
3717
3718
3719
3720
3721
3722
3723
3724
3725
2494
3727
3822
5156
7574
3731
3732
3733
3734
6659
6930
3737
6733
4402
1820
3741
3742
6988
3744
3745
3746
9958
3748
3749
6349
6863
3752
3753
3754
3755
3756
3757
3758
3759
3760
3761
7400
3763
3764
2292
3766
3767
3768
3769
3770
3771
3772
3773
3774
3775
3776
4229
3778
3779
3780
3781
3782
3383
3784
6841
3786
386
3788
3789
3790
3444
3792
3793
3794
3795
3796
4964
3798
3799
3800
3801
2092
8125
3804
3805
3806
3807
424
3809
708
1856
3812
3813
3814
3815
3816
3817
3818
7549
3820
3821
3728
3823
3824
3825
8027
7775
3828
371
3830
3831
3832
2291
3834
3835
3836
3837
3838
3839
3840
3841
3842
3843
4228
3845
3846
3847
3848
3849
3850
3851
3852
3853
3571
3855
3856
3857
3858
3859
3860
3861
3862
3863
3864
5184
3866
2767
3868
3869
3870
3871
3872
3873
3874
3875
3876
3877
3878
3879
3880
3881
3882
3883
5249
9557
3886
3887
7383
3889
3890
3891
3892
3893
3894
3895
3896
3897
3898
3899
3900
3901
3902
3903
3904
3905
3906
3002
9920
3909
3910
3911
3912
3913
3914
3915
3916
3917
5145
5977
3920
3921
3922
3923
3924
3925
3926
9423
3928
3929
3930
3931
8632
3933
2816
3935
3936
3937
4810
634
1735
921
3942
3943
3944
3945
3946
3947
3948
3949
3950
9003
3952
3953
3954
3955
7251
3957
3958
3959
3960
3961
4692
3963
3964
3965
3966
8601
3968
3969
3970
3971
3972
3973
3974
3975
3976
3977
3978
3979
3980
3981
3982
3983
6927
3985
3986
3987
3988
3989
3990
3991
3992
3993
203
510
3996
3997
3998
3999
4000
4001
4002
4685
4004
4005
2246
4007
4008
4565
4010
4011
4012
4013
5405
389
304
8490
4018
4019
4020
254
4022
4023
4024
4025
7624
4027
4028
4029
5400
4031
3470
7611
4034
4035
4036
6854
4038
4039
4040
4041
4042
4043
4044
4045
4046
4047
4048
4049
4050
4051
4052
4053
4054
4055
4056
4057
4058
4059
4060
4061
4062
4063
4064
4065
4066
4067
4068
5397
4070
4071
4072
4073
4074
4075
5012
4077
4078
4079
4080
4081
4082
4083
4084
4085
4086
4087
4088
4089
4090
4091
4092
1274
4094
4095
4096
4097
4098
4099
8002
4101
4102
4103
4104
4105
4106
1413
4108
4109
2615
4111
4112
4113
1851
4115
4116
3296
4118
4119
4120
4121
4122
4123
4124
9184
4126
4127
4128
4357
2734
4131
4132
4133
4134
477
4136
4137
4138
4139
4140
4141
4142
1191
4144
4145
4146
4147
4148
4149
4150
4151
4152
2452
8097
4155
4156
4157
4158
2551
4160
4161
4162
4163
4164
4165
4166
4167
4935
4169
4170
4171
3034
4173
4174
4175
9011
4177
4178
611
2983
4181
4182
4183
4184
1481
8863
4187
6946
4189
8877
4191
4192
4193
5890
4195
4196
1845
4198
5311
4200
4201
4202
4203
4204
4205
4206
4207
4208
4209
4210
4211
4212
4213
4214
5562
4216
4217
4218
609
4220
4221
7070
4223
4224
4225
4226
4227
3844
3777
7294
4231
4232
4233
4234
4235
4236
1207
4238
3188
4240
4241
4242
4243
4244
4245
114
4247
4248
4249
4250
7363
4252
4253
4254
4255
2164
7788
4258
3141
4260
4261
4262
4263
4264
4265
4266
4267
5050
4269
1294
4271
4272
4273
4274
4275
3271
4277
4278
4279
4280
4281
5109
4283
4284
4285
4286
4287
4288
3487
4290
799
4292
4293
4294
4295
4296
4297
4298
4299
4300
1095
4302
4303
4304
3357
4306
4307
4308
4309
4310
9813
4312
4313
4314
4315
8182
4317
4318
4319
4320
4321
4322
4323
4324
4325
4326
4327
4328
4329
7149
4331
4332
4333
4334
4335
4336
5887
8814
4339
4340
4341
4342
4343
4344
4345
4346
9476
2725
4349
4350
4351
4352
4353
8752
4355
4356
4129
4358
4359
4360
4361
2838
4363
4364
4365
4366
4367
5823
4369
4370
4371
4372
8667
4374
4375
4376
92
4378
4379
4380
4381
4382
4383
9669
4385
4386
4387
4388
4389
4390
4391
4392
4393
4394
4395
6512
4397
4398
8913
4400
4401
3739
4403
4404
4405
4406
1504
7610
4409
9012
4411
4412
4413
4414
3091
4416
4417
4418
4419
4420
4421
4422
4423
8999
4425
4426
4427
4428
4429
4430
4431
8262
7156
4434
4435
4436
4437
4438
4439
4440
4441
4442
5817
4444
4445
21
4447
4448
4449
4450
4451
4452
2286
5180
4455
4456
4457
4458
4459
1021
4461
4462
4463
62
8957
280
4687
4468
4469
4470
4471
4472
4473
4474
4415
4476
4477
4478
2121
9990
4481
4482
6505
4484
4485
4486
4487
947
4489
4490
4491
4492
4493
4494
4495
4496
4497
4498
4499
4500
4501
4502
4684
4504
8896
4506
4507
4508
4509
9641
4511
4512
4513
4514
4515
4516
4517
4518
4519
4520
4521
4522
4523
4524
4525
4526
4527
4528
4529
4530
4531
5963
4533
4534
4535
4536
4537
4538
4539
4811
4541
4542
4543
4544
4545
4546
4547
4548
1506
2765
4551
6408
4553
7584
4555
9190
4557
4558
1977
4560
4561
3219
4563
9034
4009
4566
4567
4568
4569
4570
8865
9301
1867
4574
4575
4576
4577
4578
8456
4580
4581
4582
4583
3803
4585
8064
4587
4588
2904
4590
4591
4592
4593
4594
4595
4596
4597
4598
848
4600
4601
1599
4603
4604
4605
4606
4607
4608
4609
4610
4611
4612
4613
4614
4615
4616
4617
4618
4619
4620
4621
9858
4623
4624
476
4626
4627
4628
4629
4630
4631
4632
4633
4634
4635
4636
4637
4638
4639
4640
4641
4642
197
4644
4645
4646
4647
4648
4649
4650
4651
4652
4653
4654
4655
4656
4657
4658
4659
4660
4661
4662
3033
8524
1210
4666
4667
4668
4669
4670
4671
4672
4673
4674
4675
3176
7590
4678
4679
4680
9745
4682
4683
2040
7598
4686
7472
4688
4689
4690
4691
8684
4693
9202
4695
4696
4697
4698
4699
7217
4701
4702
4703
4704
4705
4706
1017
4708
4709
4710
4711
4712
6812
4714
4715
9791
4717
4718
4719
8277
4721
5720
7566
4724
4725
4726
4727
4728
4729
4730
7923
2464
5552
4734
4735
4736
4737
4738
4739
4740
4741
6847
4743
4926
4745
4746
1637
4748
4749
481
4751
7570
4753
4754
989
4756
4757
4758
4759
4760
4761
4762
4763
7740
4765
4766
9361
4768
4769
4770
7912
4772
4773
4774
1681
4776
4777
4778
4779
4432
4781
7190
4783
4784
4785
4786
4787
4788
3264
4790
4791
4792
4793
4794
7661
7462
4797
4798
4799
4800
4801
4802
4803
4804
4805
4806
4807
4808
4809
3938
4838
4812
8797
4814
4815
4816
5794
8521
4819
4820
4821
4822
4823
4824
194
4826
4827
4828
4829
4830
4831
4832
7302
4834
4835
4836
4837
4540
4839
4840
4841
4842
4843
4844
4845
8069
1621
4848
4849
4850
4851
4852
4026
4854
4855
4856
4857
4860
4859
4858
4861
4862
4863
4864
4865
4866
4867
4868
3118
4870
4871
4872
4873
4874
4875
4876
6681
4878
4879
4880
4881
4882
4883
4884
4885
4886
4887
179
4889
4890
2716
4892
4893
4894
9245
4896
4897
4898
8213
4900
4901
4902
9556
4904
6547
4906
4907
6108
4909
5120
4911
4912
7514
4914
5940
4916
4917
4918
4919
4920
4921
4922
4923
4924
4925
9026
4927
1682
981
4930
4931
4932
1103
4934
4168
4936
4937
4938
4939
4940
4941
4942
4943
6370
4945
4946
4947
4948
4949
4950
13
4952
4953
4954
1437
4956
4957
4958
4959
4960
4961
4962
3494
3797
4965
4966
4967
4968
4969
4970
4971
4972
4973
4974
4975
4976
4977
4978
4979
4980
4981
3656
5985
4984
4985
4986
9917
4988
4989
4990
4991
4992
4993
4994
4995
4996
4997
4998
4999
5000
5001
5002
5003
5004
5005
5006
3573
5008
5009
624
5011
4076
5013
5014
5015
5016
5017
5018
5019
5020
5021
5022
5023
5024
5025
5026
5027
5028
5884
5030
5031
5032
5033
5034
5035
5036
5037
5038
5039
5040
5041
5042
5043
5044
5045
5046
5047
5048
5049
4268
5051
5052
5053
5054
5055
5909
5057
5058
5059
5060
5061
5062
5063
5064
5065
5066
5067
5068
8779
5070
5071
612
5514
5074
5075
5076
5077
5078
5079
5080
5081
5082
5083
5084
5085
5086
5087
7340
5089
9447
5091
5092
5093
5094
5095
5096
5097
5098
5099
5100
5101
5102
5103
5104
5105
7511
5107
5108
4282
5110
5111
5112
3059
4373
5115
5116
5117
5118
5243
8938
5121
5122
5123
5124
5125
5126
5127
5128
5129
5130
5131
5132
6543
5134
2432
5136
5137
8251
5139
2483
5141
2898
5143
5144
3918
5146
5147
660
9816
5150
5151
3542
2490
2794
5155
3729
5157
5158
5159
5160
5161
5162
5163
5164
5165
6240
2849
5168
5169
5170
5171
5172
5173
5174
5175
5176
7263
5178
5179
768
5181
5182
7052
3865
5185
5186
5187
5188
5189
5190
5191
5192
5193
5194
5195
5196
5197
5198
5199
5200
5201
5202
5203
5204
5205
5206
5207
5208
5449
9898
5211
5212
5213
5214
7522
5216
5217
3227
8052
5220
5221
5222
3702
5224
5225
2078
4424
5228
5229
5230
5231
5232
8557
5234
5235
5236
125
777
5239
5240
8083
5242
721
5244
5245
5246
5247
5248
3884
5250
7965
5252
5253
5254
5255
5256
5257
5258
5259
329
5261
5262
2362
5264
5265
5266
5267
5268
6776
5270
2190
5272
5273
5274
5275
5276
5277
1425
5279
5553
5281
2812
5283
5284
5285
5286
5287
5288
2621
5290
5291
5292
5293
5294
5295
5296
9271
5298
5299
5300
5301
5302
5303
5304
5305
862
2279
5308
5309
750
4199
5312
5313
5314
2141
5316
5317
5318
5319
5320
5321
5322
5323
5324
5325
5326
9319
5328
5329
8727
5331
5332
5333
3116
5335
5336
5337
5338
5339
2520
5341
5342
5343
5344
5345
5650
5347
5348
5349
5350
5351
581
5353
5354
5355
5356
5357
5358
5359
5360
5361
5362
5363
5364
8306
1119
5367
6494
5369
763
5371
5372
5373
5374
5375
5376
5377
5378
5379
5380
5381
5382
5383
5384
3652
5386
9114
5388
6767
3190
5391
5392
5393
5394
5395
3292
4069
5398
5399
4030
5401
9962
5403
5404
4014
5406
7531
5408
5409
5410
5411
5412
5413
5414
5415
5416
5417
5418
5419
5420
5421
5422
5423
973
5425
5426
5427
5428
5429
5430
5431
5432
5433
5434
5435
5436
5437
5438
5439
5440
5441
5442
5443
5444
5445
5446
5447
2735
5209
5450
5451
5452
5453
5454
5455
4185
5457
5458
5459
5460
5461
5462
5463
5464
5465
1808
5467
6216
5469
5470
1260
5472
5473
5474
9832
5476
5477
5478
5479
5480
5481
5482
5483
5540
5485
5486
5487
5488
5489
5490
1160
5492
5493
5494
5495
5496
5497
5498
1327
5500
5501
5502
7812
5504
7312
5506
5507
5508
5509
5510
5511
3633
5513
5073
5515
5516
5517
2376
5519
5520
5521
5522
5523
5524
5525
5526
5527
5528
5529
9682
5531
5532
593
5534
5535
9792
5537
6566
5539
5484
5541
6062
5543
5544
5545
9504
5547
5548
9880
5550
5551
4733
5280
5554
5555
5556
5557
7078
5559
5560
5561
4215
5563
8345
534
5566
5567
5568
5569
5570
6015
5572
9654
5574
6381
5576
5577
5578
5579
5580
5581
5582
5583
6152
8714
5586
5587
5588
5589
5590
5591
5592
7055
5594
5595
5596
5597
5598
5599
5600
462
5602
5603
5702
5605
5606
5607
5608
5609
5610
5611
5612
5613
5614
5615
5616
5617
5618
5619
5620
2652
5622
5623
5624
5625
5626
6901
5628
5629
5630
5631
8611
5633
5634
5635
5636
5637
5638
5639
5640
5641
5642
5643
5644
7456
5646
5647
5648
5649
7385
5651
5997
5653
5654
5655
5656
5657
5658
5659
5660
5661
5662
5663
5664
5665
4589
5667
5668
1890
5670
5671
5672
2683
5674
5675
5676
5677
5678
1476
5680
7536
6574
5683
5684
5685
277
9629
5688
5689
5690
5691
7836
5693
5694
8018
5696
7073
5698
5699
5846
5701
5604
5703
6033
5705
5706
7065
5708
5709
5710
5711
5712
5713
5714
5715
5716
5717
5718
5719
4722
5721
5722
5723
5724
5725
9709
5727
5728
5896
6869
5731
5732
5733
5734
4556
9480
5737
5738
5739
9755
5741
5742
5743
5744
5745
5746
5747
5748
5749
5750
5751
5752
6506
5754
5755
5756
5757
5758
3174
5760
5761
5762
5763
5764
5765
5766
5767
5768
5769
5770
5771
5772
5773
5774
5775
5776
7840
5778
5779
5780
5781
5782
5783
5784
5785
5786
5787
5788
5789
5790
5791
5792
5793
4817
5795
2310
5797
5798
5799
5800
5801
5802
5803
5804
5805
5806
5807
5808
5809
5810
5811
5812
5813
9277
5815
5816
4443
5818
5819
5820
5821
5822
1228
5824
5825
5826
5827
5828
5829
5830
5831
5832
3217
4017
5835
3707
5837
5838
5839
5840
5841
5842
5843
5844
5845
5700
5847
5848
5849
5850
6830
5852
5853
5854
5855
5856
5857
3011
5859
5860
5861
5862
5863
5864
5865
5866
5867
5868
938
5870
5871
5872
5873
5874
5875
5876
558
5878
5879
5880
5881
5882
5883
3675
5885
5886
4337
1219
5889
655
5891
5892
5893
5894
5895
7133
5897
5898
2897
5900
5901
5902
5903
5904
5905
5906
5907
5908
5056
5571
5911
9834
7526
5914
5915
5916
5917
5918
5919
5920
5921
5922
5923
5924
5925
5926
5927
9767
5929
5930
5931
5932
5933
5934
5935
5936
5937
5938
7379
4915
5941
5942
2836
5944
5945
5946
5947
5948
5949
6116
5951
5952
5953
1707
5955
5956
9316
5958
5959
884
5961
5962
4532
5964
5965
5966
5967
5968
5969
5970
5971
5972
5973
5974
5975
5976
6028
5978
5979
5980
5981
7871
5983
5984
4983
5986
5987
5988
5989
5990
5991
5992
5993
5994
5995
5996
5652
5998
5999
6000
6001
6002
6003
6004
2109
3519
2738
6008
6009
6010
6011
6012
6013
6014
5910
6016
6017
6018
6019
6020
6021
6022
6023
8925
6025
6026
19
9546
6421
64
6031
6032
5704
6034
6035
6036
6037
6038
6039
6040
6041
6042
479
6044
6045
4239
6047
6048
6049
6050
6051
6052
6053
6054
6055
6056
6236
6058
6059
9351
6061
5542
6063
6064
6065
6066
7429
8566
6069
6070
1181
6072
6073
1184
6075
1311
6077
2914
6079
6080
6081
6082
6083
6084
6085
6086
6087
6088
6089
6090
6091
6092
6093
6094
6095
6096
6097
6098
6099
6100
6101
6102
6103
6104
640
431
6107
4908
6109
6110
6111
6112
6113
6114
6115
5950
8850
2511
6119
6120
6121
6122
6123
6124
6125
6126
6127
6128
6129
1699
2172
6132
6133
6134
8759
6136
6137
545
6139
6140
6141
6142
6143
6144
6145
6146
6147
6148
6149
6150
6151
5584
6153
6154
6155
6156
6157
6158
6159
6160
6161
6162
6163
6164
6165
6166
6167
6168
6169
6170
6171
6172
6173
6174
6175
6176
6177
6178
6179
6180
6181
6182
6183
6184
6185
6186
6187
6188
6189
6190
6191
9406
6193
6194
6195
6196
6197
6198
6199
6200
6201
6202
6203
6204
6205
6206
6207
6208
6209
6210
6211
6212
6213
6214
6215
2430
6217
6218
6219
6220
6221
6222
6223
6224
6225
6226
3269
6228
6229
6230
6046
6232
2218
570
6235
6057
6237
6238
6239
5166
6241
6242
6243
6244
6245
6246
6247
6248
2940
6250
6251
6252
6253
6254
6255
6256
6257
824
6259
6260
6261
6262
6263
6264
6265
6266
6267
6268
6269
6270
6271
6272
6273
6274
6275
6276
6277
6278
6279
6280
6281
6282
6283
6284
6285
6286
6287
6288
6289
6290
6291
6292
6293
3231
6295
6296
6297
9185
6299
6300
6301
6302
6303
6304
6305
6306
6307
6308
6309
6310
6311
6312
6313
6314
6315
6316
6317
6318
6319
6320
6321
6322
6323
6324
800
6326
6327
6328
6329
6330
6331
6332
9274
2118
6335
2235
6337
6338
7494
6340
6341
6342
6343
6344
6345
6346
6347
6348
3750
6350
6351
6352
6353
6354
6355
6356
6357
6358
6359
6360
6361
6362
6363
6364
6365
461
942
6368
6369
2289
6371
6372
6373
6374
6375
6376
6377
196
6379
6380
5575
11
6383
7938
6385
6386
6387
6388
6389
6390
6391
6392
6393
6394
6395
6396
6397
6398
6399
6400
6401
6402
6403
8208
6405
6406
6407
4552
6409
6410
6411
2259
6413
3410
6415
6416
6417
6418
6419
6420
6029
6422
3611
6424
6425
6426
6427
6428
7357
6430
6431
6432
6433
6434
6435
6436
6437
6438
2549
6440
6441
6442
6443
6444
6445
6446
6447
6448
6449
6450
6451
6452
6453
6454
7793
6456
6457
6458
6459
6460
6461
6462
8845
6464
6465
975
6467
6468
6469
6470
6471
6472
3040
6474
6475
6476
6477
6478
6479
6480
6481
6482
6483
6484
6485
6486
6487
6488
6489
6490
6491
6492
6493
5368
7032
6496
6497
6498
6499
6500
6501
6502
6503
6504
4483
5753
6507
6508
6509
6510
6511
4396
6513
6514
6515
6516
6517
6518
6519
9954
6521
6522
6523
170
6525
6526
6527
6528
6529
6530
6531
6532
6533
6534
6535
6536
6537
6538
6539
6540
6541
9730
5133
313
6545
714
206
4172
6549
6550
6551
6552
6553
6554
6555
7855
6557
6558
6559
6560
6561
6562
6563
6564
2770
5538
6567
6568
1841
2397
6571
6572
8679
5682
9805
6576
6577
6578
6579
9302
6581
6582
6583
9553
6585
6586
6587
6588
6589
6590
6591
6592
6593
6594
6595
6596
960
6598
606
6600
6601
6602
6603
6604
6605
6606
2139
6608
6609
487
6611
6612
6613
6614
6615
6616
6617
6618
6619
9882
6621
6622
6623
6624
6625
6626
6627
6628
6629
6630
6631
6632
6633
6634
6635
6636
6637
1751
6639
6640
6641
9511
6643
6644
6645
6646
6647
6648
6649
6650
6651
3819
6653
6654
6655
6656
6657
6658
3735
6660
6661
6662
6663
6664
6665
6666
6667
6668
6669
6670
6671
6672
3644
6674
6675
6676
6677
6678
3376
6680
4877
6682
6683
6684
6685
6686
6687
6688
933
6690
6691
6692
6693
6694
9410
6696
6697
6698
6699
2400
6701
6702
6703
6704
6705
6706
6707
6708
6709
6710
6711
645
6713
6714
6715
9196
6717
6718
6719
6720
7406
6722
6723
6724
6725
6726
7365
6728
6729
8145
6731
6732
3738
6734
6735
6736
6737
6738
6739
6740
6741
8647
6743
6744
6745
6746
6747
6748
6749
6750
6751
6752
6753
6754
6755
3713
2795
6758
6759
6760
6761
6762
6763
6764
6765
6766
5389
6768
6769
6770
6771
6772
6773
6774
6775
5269
1412
6778
6779
6780
6781
6782
6783
6784
6785
6786
7059
6788
6789
6790
7380
6792
6793
6794
6795
6796
6797
6798
6799
6800
6801
6802
6803
6804
6805
6806
6807
6808
6809
6810
8183
4713
6813
6814
6815
6816
6817
3559
6819
6820
6821
6822
6823
2804
6825
6826
6827
6828
2063
5851
6831
1655
6833
6834
3395
6836
6837
6838
6839
6840
3785
6842
6843
6844
6845
6846
7585
6848
6849
6850
6851
6852
6853
4037
6855
6856
6857
6858
6859
6860
6861
6862
3751
3309
6865
6866
6867
6868
5730
6870
1559
6872
6873
6874
6875
2957
6877
9390
6879
6880
6881
6882
3082
6884
6885
6886
6887
6888
1662
6890
6891
6892
6893
6894
6895
6896
6897
6898
6899
6900
5627
6902
6903
6904
6905
6906
6907
6908
6909
6910
6911
6912
6913
6914
6915
6916
7626
6918
6919
6920
6921
6922
6923
6924
7432
6926
3984
6928
6929
3736
6931
6932
6933
9775
6935
6936
5546
6938
6939
6940
6941
6942
6943
1564
6945
8429
6947
6948
6949
6950
6951
6952
6953
499
6955
6956
6957
6958
6959
6960
601
6962
6963
6964
6965
6966
6967
6968
9572
6983
6971
6972
6973
6974
6975
6976
6977
6978
6979
6980
6981
6982
6970
6984
6985
6986
6987
3743
6989
8036
6991
6992
6993
6994
6995
3302
6997
6998
6999
7000
7001
7002
7003
7004
7005
7006
7007
7008
234
7010
7011
7012
7013
2091
7015
7016
7017
7018
9848
7020
7021
7022
7023
7024
7025
7026
1044
7028
7029
7030
7031
6495
7033
3377
7035
7036
7037
7038
7039
7040
7041
9385
7043
7044
7045
7046
3093
7048
7049
7050
9209
5183
1577
7054
5593
2757
7057
7058
6787
7060
7061
7062
7063
7064
5707
7066
7067
7068
7069
4222
7071
7072
8164
7074
7075
7076
7077
5558
7079
7080
7081
7082
7083
7084
7085
7086
7087
7088
9961
7090
7091
7092
7093
7094
7095
7096
7097
7098
7099
756
301
7102
7103
7104
7105
8523
7107
7108
7716
7110
7111
7112
7113
7114
9171
7120
7117
7118
7119
7116
7121
8501
7123
7124
7125
7126
7127
7128
7129
7936
7131
7132
5729
7134
7135
7136
7137
7138
7139
7140
2066
7142
7143
7144
7189
7172
7147
7148
4330
7150
7151
2318
7153
7154
7155
4433
7157
7158
2445
7160
7161
7162
7163
7164
7165
7166
7167
7168
7169
7170
7171
3348
7173
7174
7175
7176
7177
7178
7179
7180
7181
7182
7183
7184
7185
7186
7187
7188
7145
4782
7191
7192
9509
3566
7195
7196
7197
455
7199
7200
7201
7202
7203
7204
7205
7206
1471
7208
7209
7210
8551
9025
7213
7214
7215
7216
3341
7218
7219
9461
7221
7222
7223
7224
7225
7226
7227
7228
7229
7230
7231
9859
7233
7234
7235
7236
7237
7238
7239
9491
7241
7242
7243
7244
7245
7246
7247
7248
7249
7250
3956
7252
7253
7254
7255
7256
7257
8790
7259
7260
7261
838
5177
7264
7265
7266
7267
466
7269
2035
7271
9624
7273
7274
7275
7276
7277
7278
1492
7280
7281
7282
7283
7284
7285
7286
7287
7288
7289
6925
9695
7324
7293
4230
6227
7580
7297
7298
7299
2952
7301
2067
7303
7304
7305
7306
7307
8654
7309
7310
7311
5505
7313
7314
7315
367
7317
7318
7319
7320
7321
7322
7323
7292
7325
7326
7327
7328
7329
7330
7331
7332
7333
7334
7675
7336
7337
7338
7339
5088
7341
8887
7343
261
7345
7346
7347
7348
7349
7350
7351
7352
7353
7354
7355
7356
6429
7358
7359
7360
7361
7362
4251
7364
6727
7366
7367
7368
7369
7370
9537
7372
7373
8133
7375
7376
7377
7378
5939
8160
7381
3124
3888
7384
5346
7386
7387
7388
7389
7390
7391
7392
7393
7394
7395
7396
7397
7398
7399
3762
5218
7402
7748
5237
7405
6721
7407
7408
7409
7410
7411
7412
7413
7414
7415
8989
7417
7418
7419
7420
7421
7422
7423
7424
7425
7426
7427
7428
9468
2693
7431
7401
7433
7434
7435
7436
980
7438
7439
7440
7441
3257
7443
7444
3028
7446
7447
7448
7449
2889
7451
7452
7453
7454
7455
5645
7457
7458
7459
7460
1331
4796
7463
7464
7465
7466
2955
500
7469
7470
7471
4467
7473
7474
7475
7476
7477
7478
7479
733
7481
7482
7483
7484
7485
7486
7487
2272
7489
7490
7491
1385
7493
6339
7495
7496
7497
7561
7499
7500
7501
7502
7503
7504
7505
7506
7507
7508
7509
7510
5106
7512
7513
4913
7515
7516
7517
7518
7519
7520
7521
5215
7523
797
7525
5913
7527
7528
9632
7530
5407
7532
7533
7534
7535
5681
7537
7538
7607
7540
7541
7542
7543
7544
7545
7546
7547
7548
6652
7550
7551
489
7553
7554
7555
7556
7557
7558
7559
7560
7498
7562
7563
7564
7565
4723
7567
7568
9522
4752
7571
7572
7573
3730
7575
7576
8303
7578
7579
7296
7581
7582
7583
4554
1503
8855
7587
7588
7589
4677
324
7592
7593
554
7595
7596
7597
4003
3250
7600
7601
644
8060
7604
7605
7606
7539
7608
7609
4408
4033
7612
7613
8393
7615
7616
7617
7618
7619
7620
7621
7622
7623
4853
7625
6917
7627
7628
7629
7630
7631
7632
7633
7634
7635
7636
7637
7638
7639
7640
7641
7642
7643
7644
7645
7646
7647
7648
7649
7650
7651
7652
692
7654
7655
7656
7657
7658
8454
7660
4795
7662
7663
7664
7665
7666
3506
7668
7669
7670
7671
7672
7673
7674
7335
7676
7677
7678
7679
7680
7681
7682
7683
8205
7685
7686
7687
7688
7689
7690
7691
7692
7693
7694
7695
7696
7697
7698
7699
9839
7701
957
7703
7704
7705
7706
7707
7708
7709
7710
7711
7712
7713
8041
8665
8384
7717
7718
7719
7720
7721
7722
7723
7724
7725
7726
7727
8969
7729
7730
7731
7732
7733
7734
7735
7736
7737
7738
7739
4764
7741
7742
7743
7744
7745
7746
7747
7403
7749
7750
7751
7752
7753
7754
7755
7756
7757
7758
7759
7760
7761
7762
7763
7764
7765
7766
7767
7768
7769
7770
7771
7772
7773
7774
3827
7800
7777
2807
7779
7780
9397
7782
7783
7784
7785
7786
7787
4257
7789
7790
7791
7792
6455
7794
7795
1479
7797
7798
7799
7776
7801
7802
7803
7804
7805
1073
7807
7808
7809
7810
7811
5503
7813
7814
7815
7816
2477
7818
7819
9418
7821
7822
7823
7824
1715
7826
9769
7828
7829
7830
1729
7832
7833
7834
7835
5692
7837
7838
7839
5679
7841
7842
7843
7844
7845
7846
7847
7848
7849
2499
7851
7852
7853
7854
91
7856
7857
7858
7859
7860
7861
9294
7863
7864
7865
7866
7867
7868
7869
7870
5982
7872
7873
7874
7875
7876
7877
7878
3232
7880
7881
7882
7883
7884
7885
7886
7887
7888
7889
9872
7891
2343
7893
7894
7895
7896
7897
7898
7899
7900
7901
7902
7903
7904
7905
7906
8965
7908
7909
7910
2482
4771
7913
7914
7915
7916
7917
7918
7919
7920
7921
7922
4731
7924
7925
7926
7927
7928
7929
8885
7931
7932
7933
7934
7935
7130
7937
6384
7939
7940
7941
7942
3498
7944
7945
7946
7947
7948
7949
2803
7951
7952
7953
7954
7955
7956
3584
5632
7959
7960
7961
7962
7963
7964
5251
7966
7967
7968
7969
7970
7971
7972
7973
7974
7975
7976
7977
7978
7979
7980
7981
7982
7983
7984
7985
7986
7987
7988
7989
7990
7991
7992
7993
7994
7995
7996
7997
7998
7999
8000
59
4100
8003
8004
8005
8006
8007
8008
8009
8010
8011
8012
8013
8014
8015
8016
9160
5695
8019
8020
8021
8022
8023
9862
8025
8026
3826
8028
8029
8030
8031
8032
8033
8034
8035
6990
8037
8038
8039
8040
7714
8042
8043
8044
8045
162
8047
8048
8049
8050
8745
5219
8053
8054
8055
8056
66
8058
8059
7603
8061
8062
8063
4586
8065
8066
8067
2590
4846
8070
8071
8072
8073
8074
8075
8076
8077
8078
8079
8080
8081
8082
5241
9493
8085
8086
8087
8088
8089
8090
9694
8092
8093
8094
8095
8096
4154
8098
8099
2616
8101
8102
8103
8104
8105
8106
8107
8108
8109
8051
8111
8112
8113
8114
8115
8116
8117
8118
8119
8120
8121
8122
8123
8124
8413
8126
8127
8128
8129
8130
8131
8132
7374
8134
8135
8136
8137
8138
8139
8140
8141
8142
8143
8144
6730
3421
8147
8148
8149
8150
8151
8152
8153
8154
8155
8156
8157
8158
8846
5912
8161
8162
8163
5697
8165
8166
8167
8168
8169
8170
8171
8172
8173
8174
8175
8176
8177
8178
8179
8180
8181
4316
6811
269
8185
8186
8187
8188
8189
8190
8191
3472
8193
8194
8195
8196
8197
8198
153
8200
1145
621
8203
8204
7684
8206
8207
6404
8209
8210
8211
8212
4899
9584
552
8216
8217
8218
8480
8220
8221
8222
8223
8224
8225
8226
900
8228
8229
8230
8231
8232
8233
8234
8235
8236
8237
2350
8239
8240
8241
8242
8243
8244
8245
8246
8247
8248
8249
8250
5138
8252
8253
8254
8255
8256
8257
8258
8259
8260
8261
1562
8263
8264
8265
8266
8267
8268
8269
8270
8271
1499
8273
8274
8275
8276
4720
8278
8279
8280
8281
2861
8283
8284
8285
8286
1937
9732
8289
8290
8291
8292
8293
8294
8295
8296
8297
8298
8299
8300
8301
8302
7577
8304
8305
5365
8307
8308
9
8310
8311
8312
8313
8314
8315
8316
8317
8318
8319
8320
8321
8322
8323
8324
8325
8326
79
2382
8329
8330
307
165
8333
8334
8335
8336
8337
8338
3808
8340
8341
8342
8343
8344
5564
9225
8347
8348
8349
3582
8351
8352
8353
8354
8355
8356
8357
8358
8359
8360
8361
8362
8363
8364
8365
8366
8367
8368
8369
8370
8371
8372
8373
8374
8375
8376
8377
8378
8379
8380
8381
8382
8383
1464
8385
8386
8387
8388
8389
8390
8391
8392
7614
8394
8395
9104
8397
8398
8399
14
8401
8402
4479
2828
8405
8406
8407
8408
8409
132
8411
8412
4584
8414
3384
8416
8417
8418
8419
8420
8421
8422
8423
9698
8425
8426
8677
8428
4188
8430
8431
8432
8433
8434
8435
8436
8437
8438
8439
8440
8441
8442
8443
8444
8445
7279
8447
2999
8449
8450
8451
8452
8453
6573
8455
4579
8457
8458
8459
8460
8461
8462
8463
8464
8465
8466
8467
8468
8469
8470
8471
8472
8473
8474
8475
8476
8477
8478
8479
8219
8481
8482
8483
8484
8485
8486
8487
1767
8489
5834
8491
8492
8493
8494
8495
8496
8497
8498
8871
8500
7122
8502
8503
8504
8505
8506
8507
8508
8509
8510
8511
8512
8513
8514
8515
8516
8517
8518
8519
8520
4818
8522
7106
4664
8525
8526
8527
4460
8529
8530
2729
8532
8533
8534
8535
8536
8537
8538
8539
8540
8541
8542
8543
8544
8545
8546
9194
8548
8549
8550
7211
8552
8553
8554
8555
8556
5233
8558
8559
8560
8561
8562
8563
8564
8565
8774
8567
8568
8569
8708
8571
2910
8573
8574
8575
8576
8577
8578
8579
8580
8581
8582
8583
4301
8585
9484
8587
8588
8589
8590
8591
8592
8593
8594
8595
8596
8597
8598
1628
8600
3967
2642
8603
8604
8605
8606
8607
8608
8609
8610
7958
8612
8613
9613
1400
8616
8617
8618
8619
8620
8621
9633
8623
8624
663
8626
8627
8628
8629
8630
8631
3932
8633
8634
8635
8636
8637
8638
8639
8640
7796
8642
8643
8644
8645
8646
6742
8648
8649
8650
8651
8652
8653
7308
8655
8656
8657
8658
8659
2113
8661
9241
8663
8664
7715
8666
5114
2023
8669
8670
8671
8672
8673
8674
8675
8676
8427
9891
7659
8680
8681
8682
8683
3962
8685
8686
8687
29
1025
435
8691
8692
8705
8694
8695
8696
9786
8698
8699
8700
8701
8702
8703
8704
8693
1016
8707
8570
8709
1771
8711
8712
8713
3653
8715
8716
8717
8718
8719
8720
8721
8722
8723
8724
8725
8726
9137
8728
8729
8730
8731
8732
8733
8734
8735
5565
8737
8738
8739
4179
8741
8742
8743
8744
8110
8746
8747
8748
8749
8750
3561
4354
8753
7586
8755
8756
8757
8758
6135
8760
8761
613
8763
8764
8765
8766
8767
8768
8769
8770
8771
8772
8773
6068
8775
8776
2348
8778
5069
8780
8781
8782
8783
8784
8785
8786
8787
8788
8789
7258
8791
8792
8793
8794
8795
8796
4813
8798
8799
8800
8801
168
8803
8804
8805
8806
2822
8808
8809
8810
8811
8812
9753
4338
8815
8816
8817
8818
8819
8820
8821
8822
8823
8824
8825
8826
2570
8828
8829
8830
8831
321
8833
8834
8835
1223
8837
4987
8839
8840
8841
8842
8843
8844
6463
8159
8847
9267
8849
6117
1313
8852
928
8854
5315
1391
8857
8858
8859
8860
8861
8862
4186
8864
4571
8866
8867
8868
8869
8870
8499
8872
8873
8874
8875
8876
4190
8878
8879
8880
8881
8882
8883
8884
7930
8886
7342
8888
9650
8890
8891
8892
9665
8894
8895
4505
8897
8898
8899
8900
8901
8902
8903
8904
8905
1791
8907
6234
8909
2829
8911
8912
7778
8914
8915
1860
8917
8918
8919
8920
8921
8922
1166
8924
6024
8926
8927
8928
8929
8930
8931
8932
8933
8934
8935
8936
8937
4910
8939
8940
8941
8942
8943
8944
8945
8946
8947
8948
8949
8950
8951
8952
8953
2739
8955
8956
4465
8958
8959
8960
8961
8962
8963
8964
7907
8966
8967
8968
7728
2870
8971
8972
8973
8974
8975
8976
8977
8978
8979
8980
8981
3919
8983
8984
8985
8986
8987
8988
1424
8990
8991
8992
8993
8994
3270
8996
8997
8998
5227
9000
9001
9002
7492
9004
9005
9006
9007
7290
9009
9010
4176
4410
9013
9014
9015
9016
9017
9018
9019
9020
9021
9022
9023
9024
2165
4744
9027
9028
9029
9030
1701
9032
9925
4564
9035
9036
9037
9038
9039
9040
9041
9042
9043
2906
9045
9046
1038
9048
9049
9050
9051
67
9053
9054
9055
9056
9057
9058
9059
9060
9061
9062
9063
9064
9065
9626
9067
9068
9069
9070
9071
9072
9073
9074
9075
9076
9077
9078
9079
9080
9081
9082
9083
9084
9085
1417
9087
9088
9089
9090
9091
9092
9247
9094
9095
9096
9097
9098
9099
3150
9101
9102
667
8396
9105
9106
9107
9108
9109
9110
9111
1660
958
5387
9115
9116
9117
2995
9119
9120
9121
9122
9123
9124
9125
9126
9127
9128
9129
9130
859
9132
9133
9134
9135
9136
5330
9138
9139
9140
9141
9142
9143
9144
9145
9146
9147
9148
9149
9150
9151
3596
9153
9154
9155
9156
9157
9158
9159
8017
9161
9162
1369
9164
9165
9166
9167
3189
9169
9170
7115
9172
9173
9174
9175
9176
9177
9178
9179
9180
9181
9182
9183
4125
6298
9186
9187
9188
8751
2309
9191
9192
3317
8547
1893
6716
9197
9198
237
9200
9201
4694
9203
9204
9205
9206
9207
9208
7051
9210
9211
9212
9213
9214
1031
9216
9217
9218
9219
506
9221
9222
9223
9224
8346
130
9227
9228
9229
9230
9231
9232
9233
9234
9235
9236
9237
9238
9239
9240
2541
9242
9243
9244
4895
9246
9093
9248
9249
9250
9251
9252
9253
9254
9255
9256
9257
9258
9259
9260
9261
9262
9263
9264
9265
1326
8848
9268
9269
9270
5297
9272
9273
6333
9275
9276
5814
1809
9279
9280
9281
9282
9283
9284
9285
9286
9287
9288
9289
9290
9291
9292
9293
7862
9295
9296
9297
9298
9299
9300
4572
6580
9303
9304
9305
9306
9307
9308
9309
9310
9311
9312
1353
9314
9315
5957
9317
9318
5327
9320
9321
9322
9323
9324
9325
3266
9327
9328
9329
9330
9331
9332
9333
9334
9335
9336
9337
9338
9339
9340
9341
9342
9343
9344
9345
9346
9347
9348
9349
326
6060
9352
9353
9354
9355
9356
9485
9358
9359
9360
4767
9362
9363
9364
9365
9366
9367
9368
2075
9370
9371
9372
9373
9374
9375
9376
9377
9378
9379
9380
9381
9382
1694
9384
7042
9386
9387
308
9389
3245
9391
9392
9393
9394
9395
9396
7781
9398
9399
9400
1542
9402
9403
9404
9405
6192
9407
9408
9409
6695
8057
6546
9413
9414
9415
9416
9417
7820
9419
9420
9421
9422
3927
9424
9425
9426
9427
9428
9429
9430
9431
9432
9433
9434
1875
9436
9437
9438
9439
9440
9441
9442
9443
9444
9445
9446
5090
9448
9449
9450
9451
9452
9453
9454
9455
9456
9457
9458
9459
9460
7220
9462
9463
9464
9465
9466
9467
6067
922
9470
9471
9472
9473
9474
2667
4347
9477
9478
9479
2220
9481
9482
9483
8586
9357
9486
9487
9488
9489
9490
7240
9492
8084
9494
9495
9496
9497
9498
9499
9500
9501
9502
9503
6937
9505
9506
9507
9508
7193
9510
6642
1563
9513
9514
9515
9516
9517
9518
9519
9520
9521
7569
9523
9524
9525
9526
9527
9528
9529
9530
9531
9532
3525
9534
9535
9536
7371
9538
9539
9540
9541
9542
9543
9544
9545
8982
5499
9548
9549
9550
9551
9552
6584
9554
9555
4903
3885
9558
9559
9560
9561
9562
9563
9564
9565
9566
9567
9568
9569
9570
9571
6969
9573
9666
9575
9576
9577
9578
9579
9580
9581
9582
9583
8214
9585
9586
9587
9588
9589
1605
9591
9592
9593
9594
9595
9596
9597
9598
9599
9600
9601
9602
9603
9604
9605
9606
2708
9608
9609
9610
9611
9612
2340
9614
806
9616
9617
9618
9619
9620
1352
315
9623
7272
9625
9066
9627
9628
5687
9630
9631
7529
8622
9634
9635
2312
9637
9638
9639
9640
4510
9642
9643
9644
9645
9646
9647
592
9649
8889
9651
9652
9653
5573
9655
9656
7594
9658
9659
9660
9661
9662
9663
9664
8893
9574
9667
9668
4384
1083
9671
9672
9673
9674
9675
9676
9677
9678
9679
3508
9681
5530
9683
9684
9685
9686
9687
9688
9689
9690
9691
9692
9693
2997
7291
3454
9697
8424
9699
9700
9701
9702
9703
9704
9705
9706
9707
9708
5726
9710
9711
9712
9713
9714
9715
9716
9717
9718
9719
9720
9721
852
9723
9724
2333
9726
9727
9728
9729
6542
9731
8288
9733
9734
1943
9736
9737
9738
9739
5113
9741
9742
9743
9744
4681
9746
1230
9748
9749
9750
9751
9752
8813
9754
5740
9756
9757
9758
9412
9760
9761
9762
9763
9764
9765
9766
5928
9768
3587
9770
9771
9772
9773
9774
2712
9776
9777
9778
9779
9780
9781
9782
9783
9784
9785
8697
9787
9788
9789
9790
4716
5536
9793
9794
9795
9796
9797
9798
9799
9800
9801
9802
9803
9804
6575
9806
9807
9808
9809
9810
9811
9812
4311
9814
9815
5149
9817
9818
9819
9820
9821
9822
9823
9824
9825
9826
1418
9828
9829
9830
9831
6597
9833
6791
9835
9836
9837
9838
7700
9840
9841
9842
9843
9844
9845
9846
9847
7019
9849
9850
9851
1267
9853
9854
9855
9856
9857
4622
7232
9860
9861
8024
9863
9864
9865
9866
9867
2407
9869
9870
9871
7890
9873
9874
9875
9876
9877
9878
9879
1512
9881
6620
9883
9884
9885
9886
9887
9888
9889
9890
8678
9892
9893
9894
9895
9896
9897
2179
9899
9900
9901
9902
3151
9904
9905
9906
9907
9908
9909
9910
9911
9912
9913
9914
9915
9916
8838
9918
9919
3908
9921
9922
2688
9924
9033
9926
9927
9928
3295
9930
9931
9932
9933
9934
9935
9936
9937
9938
9939
9940
9941
4466
9943
9944
9945
9946
794
9948
9949
9950
9951
9952
9953
6520
9955
9956
9957
3747
9959
9960
7089
5402
9963
2778
9965
201
9967
9968
9969
9970
9971
9972
9973
9974
9975
9976
9977
9978
9979
9980
9981
9982
9983
9984
9985
9986
9987
9988
9989
5466
9991
9992
9993
9994
9995
9996
9997
9998
9999
