544
1
2
3
4
5
6
562
8
9
10
11
12
13
878
15
16
17
18
19
781
21
22
23
915
25
26
772
28
29
30
31
32
33
34
35
36
37
38
39
14
41
662
43
44
45
46
47
48
49
50
51
52
53
54
55
56
57
58
59
607
61
62
63
64
65
66
67
68
69
70
71
72
73
74
582
76
77
78
79
80
81
82
83
84
85
86
87
88
89
90
91
92
93
683
325
96
97
542
688
100
101
102
103
490
105
106
107
108
404
110
287
112
113
114
115
116
117
118
119
120
469
122
123
124
330
356
127
385
129
130
763
132
133
134
135
136
137
138
139
111
141
142
143
700
943
146
147
148
149
150
151
152
153
154
162
156
157
158
960
160
161
261
163
164
165
317
167
925
169
170
171
172
173
174
175
176
256
178
179
180
181
182
183
184
185
186
187
489
189
190
191
192
593
194
195
196
197
198
199
200
201
202
203
204
205
206
207
208
209
210
211
212
213
217
215
216
214
218
219
220
221
222
223
224
917
715
227
228
229
230
978
232
233
234
235
236
237
238
239
240
241
242
243
244
245
246
247
248
249
250
753
252
253
254
255
177
257
463
259
260
155
262
637
264
265
266
267
268
269
270
271
272
273
274
275
276
277
278
279
280
281
282
283
284
285
816
660
415
289
290
291
292
293
294
295
296
297
298
299
300
301
302
303
913
305
306
307
308
309
310
668
312
429
314
315
316
166
318
319
597
321
322
323
324
459
326
327
328
329
125
331
332
333
334
335
336
27
338
339
340
535
342
740
344
345
346
347
348
349
350
351
352
353
354
931
126
357
358
359
360
361
362
363
364
365
366
367
368
369
370
635
372
373
374
375
376
377
378
379
380
381
382
383
384
128
538
387
388
389
390
391
392
393
394
395
396
397
398
821
400
401
402
403
109
405
406
407
408
902
410
411
661
413
414
288
416
461
418
419
420
421
422
423
424
779
426
427
428
313
430
431
432
433
434
435
436
437
992
439
440
441
442
443
444
686
606
447
448
449
450
451
452
453
454
455
456
457
838
899
460
417
462
258
464
465
466
467
468
188
470
471
472
473
474
475
476
477
478
479
480
481
482
483
708
485
486
487
488
121
104
491
492
493
494
495
496
497
498
499
500
501
502
503
504
505
814
507
508
509
510
511
512
513
514
515
516
517
518
519
520
521
522
523
934
525
526
527
528
529
530
531
532
533
534
341
536
537
386
539
733
541
98
543
0
545
546
547
774
549
550
551
552
553
554
555
840
557
558
559
560
561
7
563
564
565
566
567
568
569
581
571
572
573
574
575
576
577
578
579
580
570
75
583
584
585
586
587
588
589
590
591
592
193
594
595
643
320
598
599
600
601
602
603
604
893
446
60
608
609
610
611
612
613
614
615
616
617
618
619
620
621
622
858
624
625
627
626
628
524
630
631
632
633
634
371
636
263
304
639
640
641
642
596
644
645
646
647
648
649
650
651
652
653
654
655
656
663
658
659
140
412
42
657
664
665
666
667
311
669
670
671
672
673
674
936
676
677
678
732
680
681
682
94
684
685
445
687
99
689
690
691
692
693
800
695
696
697
698
699
939
701
702
703
704
705
706
707
484
709
710
711
712
713
714
226
716
717
718
719
720
721
722
723
724
725
726
727
728
729
730
731
679
540
734
735
736
737
738
739
343
741
742
743
744
745
952
145
748
749
750
985
752
251
754
755
756
757
758
759
760
761
762
131
764
765
766
767
399
769
770
771
337
773
548
775
776
777
778
425
780
20
950
783
784
785
786
787
788
789
790
791
792
793
794
982
796
797
798
799
694
801
802
987
804
805
806
807
808
225
810
811
812
813
506
815
286
817
818
819
889
768
822
823
824
861
826
827
828
829
830
831
832
833
834
835
836
837
458
839
623
841
842
843
844
845
846
847
848
849
850
851
852
853
854
855
856
857
556
859
860
825
862
863
864
865
866
867
868
869
870
871
355
873
874
875
876
877
40
879
880
881
882
905
884
885
886
887
888
820
890
891
892
605
894
895
896
897
930
95
900
901
409
903
904
883
906
907
908
909
910
911
912
638
914
675
916
809
918
919
920
921
922
923
924
168
926
927
928
929
898
872
932
933
629
935
803
937
938
144
940
941
942
747
944
945
946
947
948
949
782
951
746
953
954
955
956
957
958
959
159
961
962
963
964
965
966
967
968
969
970
971
972
973
974
975
998
977
231
979
980
981
795
983
984
751
986
24
988
989
990
991
438
993
994
995
996
997
976
999
