5381
3482
3678
7960
2778
5966
1211
2208
4290
4108
7678
7100
178
2027
5991
7973
8340
3253
3942
4129
1844
4116
8116
8387
7671
5833
4945
6276
7368
3535
7451
4785
5226
2584
7950
3673
3905
9777
2003
7545
9628
8930
1885
6449
840
4995
667
3880
9566
7646
2479
5205
7086
614
9040
9837
4755
8921
4292
9574
3861
1536
5284
5567
8123
8934
961
8662
642
829
6148
481
1265
486
7213
2075
4008
9817
6225
505
2758
916
6412
6224
9059
5956
1713
501
4609
8154
6570
1444
2331
8702
5594
7704
4282
8572
8482
9912
9878
3443
8353
1397
9556
266
3803
6410
2691
2981
1317
3683
2913
419
379
8210
2389
3277
6970
8973
9122
4043
2061
9233
890
8197
5699
463
476
8176
8279
2704
5356
3263
1450
9536
5726
3231
8992
3805
685
8184
11
1501
420
3740
7606
5666
1004
415
5844
5283
347
6863
566
9200
7340
6536
1332
3436
2940
9577
5798
3609
1697
1061
2748
2907
1539
1051
2682
1079
7300
3170
6117
9151
7740
5889
2070
2293
8099
8414
1857
4379
648
1377
7866
7077
1642
99
6393
8663
1954
9502
5854
6921
3884
5267
3217
8581
7475
3779
2346
6146
847
1720
8816
3670
2418
4892
6238
5326
3087
4226
6756
5669
6927
1860
2629
3902
3341
8302
1089
9708
6193
3708
7530
1292
1709
5550
8715
4192
1541
4895
9451
6477
4302
8165
6489
8273
2854
2522
6201
52
1252
4052
1806
2915
6099
1362
1030
2355
4312
9115
8005
8599
5577
7806
270
7093
888
4728
5942
7367
3040
9402
6640
760
6328
5774
7624
6820
3815
3939
9754
4117
3059
9619
8678
7468
6645
3421
7814
885
33
7275
8006
5875
3750
219
1858
6418
1015
1650
5777
6461
7660
5680
6358
2647
254
3167
85
1272
2942
3234
6247
3669
9277
416
2762
2489
8689
5497
8638
5576
9679
5509
5443
717
5760
7047
4734
5992
561
7076
7469
8018
3134
663
5001
6049
6183
7996
451
2558
4414
8575
1228
2521
1614
6370
1343
1230
7425
3631
135
1651
6043
6021
7742
34
9877
867
9156
1093
9629
6475
9084
9081
1392
5600
9715
1179
7310
168
625
7239
1946
7150
5462
4442
8723
4641
2357
1999
6693
5519
386
2036
7082
5596
3295
4227
4823
4870
7667
904
845
8355
8541
7245
1263
9212
1261
4121
5648
7091
4411
2999
9491
3046
2514
9948
2980
2585
9616
8290
3715
3160
189
3928
8806
4762
4235
9189
6399
9095
7924
5757
5441
5978
6934
9516
9906
3220
6971
9072
5451
3379
2747
9880
855
8703
6000
1936
7845
9490
6855
1112
1055
9991
2965
1152
3212
711
4061
412
8
7499
2975
2573
6248
5075
4941
6721
1032
1799
9890
794
3685
8920
3757
4836
31
5652
1217
7193
1146
441
8000
7635
3257
2121
2964
8932
9732
20
3014
6344
9867
3437
9036
3583
2048
1159
2432
6077
1212
5355
4628
9558
6136
3198
7955
3291
9425
390
5645
35
9904
8215
8150
6158
9383
5505
1866
7577
9850
2749
2086
3480
1013
8348
6016
2756
2233
3318
8906
7994
6353
81
1558
2294
1193
4763
7228
7127
5074
2797
8361
846
7567
5781
2801
6208
2267
2899
2256
6872
337
4372
3908
6267
1859
6003
50
1887
7561
7538
4397
7991
5823
3657
7060
2993
8803
2502
8628
7418
1613
403
4381
7122
9999
1171
2700
8592
2631
2807
1879
6181
7208
7705
7151
5307
5079
7402
461
9745
5428
2187
4815
1129
315
8529
6977
4070
2926
5007
4011
5884
6661
2
3025
975
5382
8212
824
9525
7372
2858
5185
7774
3930
1384
3762
7596
2395
7833
1599
350
1099
7019
8935
4645
4245
1196
8153
2373
9560
7492
9310
9443
623
310
3107
895
9344
801
6674
1529
4632
9134
4210
1534
1063
7777
9133
8085
8558
6333
9739
2049
9787
1448
4065
5115
5738
9724
9487
8624
5252
3997
2723
2498
1646
1724
2020
4818
9852
9735
8216
2118
8997
1324
9944
6095
7771
2319
6876
7690
8239
7923
9597
292
404
9836
2871
4840
114
1188
7129
9529
8180
6334
9096
757
7385
8101
8830
6240
521
7755
6776
8295
7325
5388
9883
3133
5528
7536
2618
5091
8420
9707
5421
707
9626
5414
570
4375
7685
3041
6799
3434
9214
759
5587
5177
8252
7256
5086
1493
548
7232
3996
478
5735
675
4186
7640
9785
5862
5360
72
5014
4491
432
5695
7013
1834
3991
5000
998
6441
7423
9580
2144
1140
3225
7807
4164
4517
2402
8434
8047
8742
865
1549
9833
3394
9055
487
5874
5138
2843
2289
9131
4833
5179
4234
6599
5821
6905
1825
4328
4208
6382
2327
4175
5144
5800
6315
2323
1528
9397
6046
4389
4693
4198
9481
4888
8502
7206
1838
3967
5521
8280
5392
366
5391
7584
9730
8399
3888
607
7201
2126
4924
3245
8598
2530
3110
5130
1701
7078
527
9121
9053
116
1780
1092
7647
6761
6172
9099
4831
5270
2405
4525
989
3099
1309
5546
7908
3026
6415
4489
2392
6961
8698
3094
2912
4345
7498
6339
5746
8282
2343
4868
4222
95
5580
8953
7663
5054
199
1715
5574
107
621
8896
6359
7016
4007
6705
1963
6555
3247
4708
6975
1040
234
3243
7439
6407
5637
1927
7033
9022
8376
7365
8312
4206
7813
7730
8400
1615
4500
9318
211
910
2646
9731
8970
9720
7174
5263
7457
5457
7979
9538
2369
4620
6585
1038
5097
9221
3178
9779
7359
2390
4288
8659
908
313
5129
8699
5101
3153
4056
7575
5531
6385
4563
3450
348
4275
3513
9522
7111
9956
1500
5171
4619
782
103
4171
5802
6488
3468
5500
1563
1800
8488
665
6025
9050
3966
1779
529
3775
9605
148
2897
7371
6032
197
6047
4350
5868
575
3302
7298
4733
7306
1932
2114
5
2045
8757
3624
203
4284
4627
325
4774
30
6836
1872
7388
471
2226
2906
4329
6512
5763
8003
6329
6965
2017
4471
4309
4456
7709
4754
8196
7392
3205
2306
762
9989
7370
8339
3269
2567
4020
987
4415
8445
2337
6771
6860
7875
3585
3728
5077
6787
1069
4771
9018
6341
7919
2903
484
3474
1687
2697
2683
6527
1130
7780
6157
9459
1262
2057
5133
1498
9412
9962
6524
3503
1059
1379
8590
9840
2072
7331
1029
8684
1345
7218
4330
9682
4324
9775
2413
8054
5572
9872
9334
3914
1187
355
1442
4193
2376
5549
9831
8367
5012
6723
1873
3250
763
3573
510
3104
1684
7700
5911
1606
2136
2191
437
4217
8442
7906
140
4120
8297
2332
257
6468
9453
4040
806
1039
2500
2669
7384
8409
1023
7508
9111
3727
775
2713
4195
8933
1633
810
5340
7029
88
2110
6736
6596
3037
8533
4790
530
3376
9446
8895
229
2304
4096
2156
3226
5922
8344
2832
58
7616
1200
6277
187
6494
7708
1661
5866
5679
1864
2375
5742
5431
6910
9439
4355
8246
8774
6493
5136
1420
2546
7483
7551
9772
6564
6578
9706
4988
3758
512
9366
3563
7454
8105
4977
4252
3975
8313
9702
9969
7097
9861
6886
9900
9468
6845
3920
6325
6739
2300
9803
1680
7066
8591
2277
7058
9806
1555
2280
1165
4361
4729
2508
8356
5278
9049
6878
8669
389
8747
2946
2619
3632
5260
9003
3475
223
7023
5770
1149
6253
2445
1634
6093
7818
3281
1880
3652
1481
842
878
2802
68
2893
6842
3712
6168
9951
7274
9398
1637
552
1598
9357
1630
9379
3618
6797
6406
3764
5651
4130
6885
133
2949
1167
7055
6559
8829
5953
9665
8328
1060
5015
1367
6139
8886
1788
7549
8045
1988
1628
1398
973
5047
8784
8484
3410
877
6042
8950
7036
5733
8681
378
2246
5860
7210
2496
9180
9436
7766
4664
7946
4025
5217
8152
3267
5702
2788
3676
1752
9389
9063
4534
9531
8383
6958
7569
5872
4429
7003
4211
2910
6374
4654
2621
3413
941
4091
9936
7993
3382
8093
5362
9952
511
3995
6682
7319
7841
4656
4550
8949
660
1305
2783
1489
5589
5446
5119
626
8450
3429
514
7958
9347
6780
6532
849
8096
1464
754
8188
7302
2534
1025
4246
3721
2499
9246
5478
9272
994
2362
9727
1199
4596
5908
9416
1476
7320
1296
7531
9021
64
5456
5664
2551
9489
9279
507
5406
2984
5632
6031
8207
2613
3516
1821
6658
9047
2860
2371
3804
6015
1981
8265
1156
3853
3258
3012
3490
9457
3272
3384
5663
7572
5400
817
5678
5579
1110
2790
4805
8301
4146
7631
3095
2021
2157
2536
9054
153
9821
1581
9561
5295
668
8792
3534
6237
669
6691
7198
6652
2770
2383
7731
8257
3781
4581
5440
1984
5376
4113
6655
1067
1931
7107
6563
7240
9835
490
6198
8882
6890
4787
2862
3628
8203
375
7925
3418
9288
6781
8408
3872
1778
4285
2016
9476
955
9270
6363
9734
1883
8787
2033
2039
4998
1717
6628
6817
4150
710
5368
8561
4699
2023
5986
887
7557
6349
7913
6683
4156
593
7272
110
929
4856
1552
3608
7180
697
7930
7400
3754
8166
666
6991
8271
499
8233
3138
6641
6372
2428
1065
9025
1356
4834
9313
4184
6007
1512
705
316
9076
4018
4314
2784
237
7227
6672
8241
5390
6063
8374
7889
2069
7207
3590
5701
7798
1191
1101
3194
6568
5665
9546
5538
4279
421
2095
3168
3378
1840
8334
4760
4508
6949
2067
6332
3092
1904
6772
672
9862
7809
6916
9276
2462
2274
7735
9979
6327
9693
681
2990
4958
1454
3629
76
8573
7961
3275
105
8616
3619
1590
8815
3299
2617
2145
1906
9395
6913
1418
1766
268
4742
1142
2874
1817
9893
2728
6740
4956
4378
5819
5111
3007
1027
8977
8788
1839
1582
1626
9582
4382
2916
5995
8570
1796
9916
2579
7030
5204
5385
8914
6774
9291
8998
9422
7292
5829
1554
8644
1592
4315
6450
8771
308
502
8027
3296
8527
5616
957
4010
2028
7971
6122
3542
4949
3206
1019
5475
322
1359
9678
8795
6686
1310
428
5112
4524
892
4317
8177
538
8272
6679
3855
9853
5184
1812
8187
1226
2236
2002
2165
4305
5314
4768
6994
3666
508
5444
7225
834
5547
7896
4230
7241
9175
1584
2575
6347
547
2406
4639
983
6486
3921
3181
2345
8612
8867
3877
5397
4580
1690
6874
3463
1395
804
791
6350
945
8453
2266
5750
2222
5131
8674
7603
7464
6745
6256
6659
3000
5153
1240
1622
1461
4047
2041
4433
9776
5338
7652
3865
8489
3393
6547
7747
7458
7221
968
541
2477
4083
1538
8825
4370
9041
9386
7226
3127
5459
5670
4800
2494
6676
5848
5954
3623
1134
8948
7046
8780
6480
4149
6608
5327
2734
4308
3999
1115
8811
8048
3886
3346
8064
264
452
9681
7528
1719
4700
6572
738
5969
5157
8648
4045
6320
1108
1837
9413
5706
3372
7980
3508
5933
5900
3478
3533
4258
6602
8569
2210
9896
2341
5535
6065
9578
8443
9642
942
8386
9300
3146
5634
7759
7161
2798
14
8194
3791
6121
8441
6906
5892
9589
7377
5693
6113
4190
7703
6431
3538
4640
603
932
6401
5845
3362
2203
6446
9141
6361
2449
19
4242
4535
7839
1437
7637
4561
4425
7190
6202
9786
5694
7792
5673
1438
1182
7665
2322
2083
2901
4531
1491
6258
1300
6950
4141
1053
6869
3668
438
5719
2564
3731
8609
1172
8879
6467
1416
8888
9371
2572
881
9375
73
7170
5861
7947
5041
1014
3106
7254
5581
4487
7564
7011
2764
9797
6937
1116
4232
2983
7343
7719
6012
9188
7109
1935
2313
5926
4365
1181
4625
8506
9119
304
6894
2562
596
7847
6604
5210
4413
2560
646
3036
6948
8240
9841
9553
2333
8159
5294
5582
4484
4990
8760
9569
7655
8151
9372
1900
6351
338
6571
6069
66
3899
2725
2031
5640
102
4541
3605
9709
5655
8074
1746
3116
3203
2455
7067
434
8546
40
7273
5623
6152
5773
1569
5963
4376
5161
5871
1480
3633
2736
6822
9249
4507
427
1136
2652
6264
2702
2759
2997
1358
7858
9920
2799
5877
7074
6539
5901
4743
3949
2427
5716
3022
3951
2960
816
6465
6936
7921
8873
8519
7910
2291
9725
2847
6203
7907
9428
3288
3817
3658
871
9781
4515
2503
3787
7022
7480
8253
8056
1267
8513
5085
1997
232
1870
8292
8605
175
7769
3767
6408
7932
9204
5820
3273
4490
6176
9454
2234
1042
7712
8770
559
7770
7717
6724
6214
4858
4118
6920
2310
7176
9417
595
9324
24
1874
158
843
8645
5395
3846
4557
3589
4775
5886
3969
8812
8013
7885
1521
6388
4794
8127
1758
4980
8719
4009
5855
2107
2430
5370
692
4106
5957
4199
2588
6738
9822
761
4847
3280
7478
6362
3529
4504
3599
2886
6335
7972
4969
1846
5061
3501
6496
182
6195
5146
9579
4283
4172
8618
4060
4366
2113
4711
9039
3724
4887
7224
6427
9645
3499
8098
8392
956
9068
9411
4662
8837
8148
2887
6154
7911
7322
8352
6085
5269
4396
7634
7304
7401
5769
2978
2994
363
6735
938
558
6904
1467
897
540
2268
283
627
7007
7113
2106
6623
6832
9301
3882
8481
1346
5858
1375
3584
8912
2478
3497
2320
8510
5083
2302
2904
8426
9104
6103
3856
9941
729
4427
5352
3766
1155
8813
8863
6296
8853
1311
7720
9658
5347
2448
8916
1360
1565
4348
449
6259
2532
1537
2633
6768
8522
80
188
6752
394
243
236
5565
8319
7252
9485
4161
858
4306
4853
5357
4646
9017
7600
839
2466
4301
2407
3945
1819
9183
8763
1548
163
7856
682
445
7674
5653
4510
9264
5310
7840
9799
8831
7859
2684
2671
3079
9107
4746
5321
884
8234
8855
2305
4801
109
4681
8010
4814
7590
9460
3917
2225
5195
4978
3428
7
1206
3675
6777
1086
7790
9894
2876
2024
2606
6631
4435
9914
4465
8466
4706
6518
7744
3822
1371
8627
2570
2408
1132
9860
9015
206
7079
1702
2829
2220
9595
7413
27
1635
4498
2053
712
3552
1016
6775
2948
4844
1385
1483
1213
8576
3506
3407
5155
6725
5052
6790
3018
4684
1473
2638
1783
6345
5493
2138
1239
4585
468
6837
7341
7117
3494
4028
1285
5297
3140
5756
1586
1653
2248
6216
9172
602
9149
4421
7800
641
3236
3646
5461
7506
2140
4796
5938
6004
8532
1145
4781
5084
6864
1297
3424
1522
5806
3177
121
5427
4599
1903
9631
3405
9762
2221
1024
7283
8735
5423
6973
3833
3161
4081
5975
9257
2635
632
4994
7238
8347
934
8095
1737
7314
1649
1414
3857
1659
5168
2184
2902
9684
9403
5606
9048
8979
9226
9065
3054
579
4522
9241
3891
7452
9074
2553
1499
5659
5234
9426
7172
694
3457
2656
5540
1585
8777
6017
3909
8851
2063
2789
9493
1256
1087
78
7502
3719
6011
966
7525
4562
56
4013
5980
4678
4719
5786
3417
1756
3897
7521
2804
6895
5520
730
5507
7154
1682
7168
6974
2827
6312
4857
3293
4457
2012
5611
812
8120
1636
5835
2420
2867
7332
657
5658
6141
4622
8089
1117
5139
5527
3395
2398
6252
5740
3574
2290
8140
5073
7318
3947
5639
320
4900
2190
6364
4380
3687
716
2066
7940
9940
4769
2583
9782
5105
832
302
1917
7987
7050
6892
860
3971
184
2976
4111
5316
6666
3874
1477
7765
4481
1907
3113
7103
2544
6213
7187
2286
6286
9260
3864
6491
1174
336
6804
4075
8040
9855
3048
25
7753
4085
8324
7258
9179
7020
2714
8254
2199
2883
7642
7601
3743
7461
6758
1075
5474
2911
8431
1550
3811
6228
2991
4322
1072
8405
3361
8145
1250
6626
3679
3374
7462
2068
3172
8217
8750
2731
2094
4720
8924
4607
7326
5843
9160
3765
4896
9458
7504
1479
3595
1811
9994
7035
3732
8169
2447
8761
5110
7722
2836
5127
2272
8623
2137
9847
2757
327
556
7379
8300
6998
6251
3184
5753
1325
6086
5894
9695
1273
5219
3309
3531
5583
9114
2425
8078
3319
947
3202
3484
6753
3636
7155
4874
6387
5541
3577
6953
3348
1293
7636
9415
4725
7578
9820
1770
6716
3324
2077
6191
8497
960
3922
1322
3235
8850
6115
1085
9170
639
4821
5914
6720
8438
5752
9173
767
1603
2576
1445
3486
1640
1399
5228
8665
1126
996
9652
472
4686
7410
4022
1073
4806
1848
883
6212
8922
8947
2082
362
8375
576
931
1264
5436
5009
1938
4337
5749
4265
1403
4374
5621
6888
2264
6821
1373
9524
7261
8768
811
2520
4250
1804
9810
8907
1771
4659
7408
732
440
2511
3030
8802
7881
3068
7386
172
8274
5040
3568
7374
4143
3473
7746
6995
8679
2148
5188
3756
3993
7554
1319
8875
8131
727
1286
8406
2839
3050
5562
9581
1487
6879
5100
7337
818
7426
3837
3617
8069
5213
1862
1168
7112
2279
2586
6134
495
9570
3773
5275
5259
5082
3895
6678
8671
1098
5723
8315
5556
9811
5487
3892
9033
3798
706
6569
6689
4817
802
2393
7352
1369
3896
4015
6038
98
7566
3709
6611
9971
4947
2473
2397
2822
7786
213
7658
3199
3867
3702
3327
5020
2000
129
7440
6459
517
7745
8473
5847
3653
4934
1663
8205
2472
8632
8258
8957
7887
6164
4952
6159
6466
4551
5937
6403
3242
5254
3502
2263
9773
6514
9623
4318
5494
1241
8577
5949
8728
5044
2495
9174
8161
6481
2934
9168
9208
6261
2080
263
4325
7795
7931
9234
8106
8351
8299
9466
3703
3588
8794
8984
6858
1933
3818
4151
9321
9064
8436
8380
278
2218
9918
6337
2240
4648
7234
948
8579
4527
2029
8798
3089
6685
314
8174
2917
1849
1249
9335
5878
7552
554
7888
4586
1163
7998
4441
5620
4738
5671
1991
2973
5396
2276
7775
7843
1225
4357
285
4261
6966
300
279
3162
1490
2776
9869
9551
7749
4919
4495
1177
8287
5286
4756
6149
8118
6306
5384
6548
6355
8477
913
1044
1983
1198
5092
7473
6219
2042
539
1459
8710
795
3241
8449
1735
1254
9978
3711
3827
492
753
9414
5027
8965
1822
3977
6967
5856
9370
1901
3204
2640
4021
5707
9177
2693
1975
388
3514
7070
5811
358
6633
7140
3672
6912
7235
6875
3741
4633
5708
1643
5093
5152
1530
4682
360
5839
5465
4042
581
4803
6708
2639
258
3222
7146
5013
26
3929
5280
6694
9884
3925
3005
9110
1157
7501
7262
8158
4241
6865
7812
9677
1677
9646
4480
7289
5934
4845
3696
2159
5196
7830
8021
5257
3641
7049
9830
435
6503
335
3994
4039
1352
2609
2359
8881
1765
8535
5218
6366
2092
5350
788
4289
5383
7920
6452
7877
4228
1704
6129
5373
5631
7175
5036
2599
8995
9968
8310
3747
8885
9897
139
8251
1147
7188
6660
4608
6630
5595
4865
8427
9391
2380
4547
3137
2435
8121
1730
7456
2342
5302
174
383
8673
9694
6292
3597
7269
6144
2195
7138
7620
9667
2401
6357
7008
6509
5689
7949
1465
7736
5736
7788
7832
5591
6690
4767
7293
5548
5612
9596
731
5558
4147
2464
4589
9813
7131
851
6606
9354
493
6531
1572
9236
2525
9112
1668
8075
7500
4971
2465
5399
235
1229
9410
6392
5815
1258
9967
8242
5194
2143
3511
9191
1645
5300
5045
6156
4426
3496
9441
373
5924
4472
6709
2925
9480
5542
1741
9225
838
3081
8028
4979
4863
9165
3332
9302
9993
6128
408
5221
7986
46
3209
9219
5483
736
5109
5962
2866
8337
2285
3835
4511
9513
3130
3284
1740
8104
6588
87
9299
721
9251
2810
1329
3737
3974
3714
9187
6529
7989
835
8554
6119
9206
1588
4698
3559
2084
8584
126
2374
591
9307
1923
5256
7842
1390
4128
2559
9185
3108
9696
598
7556
915
9641
122
3770
6741
7978
5311
827
2001
6507
1253
9474
861
8870
5178
5764
127
309
4219
1579
7903
2796
7470
3488
5511
3336
6537
7090
1412
8636
8917
6792
7664
6639
5993
4313
7259
1970
6979
9484
4544
5413
992
4635
9327
1447
3010
7406
1942
2044
8990
8483
5557
1624
7602
8834
9109
1287
6010
8736
3643
1278
3500
8607
1342
3164
8393
7389
8564
4272
3355
8858
5288
644
1271
9586
3786
9382
7668
7905
4967
6056
3472
651
4270
9504
2811
2422
1876
8585
5480
2026
8149
6557
1732
1990
4260
6295
398
7048
2781
1892
7364
6552
4829
6782
7820
4882
8401
7080
9927
7886
265
8551
2377
6812
5404
1955
6656
8071
5536
5117
6478
9858
2611
4634
8206
8167
2228
9540
6196
3894
7124
4181
7018
5610
2791
5615
1940
3121
4916
8362
4637
5426
1748
1818
2655
696
4035
1602
4587
9790
7134
2670
1755
9178
7098
7826
1340
5201
1219
9262
893
6605
5049
4296
3776
8066
1220
9719
4479
3471
2941
82
8023
357
7087
3654
1618
1517
5930
2281
2365
1047
8083
4488
3103
7250
5552
1138
857
6825
6298
295
7476
5345
4783
4911
1560
2875
5071
1428
9355
7633
5793
6076
6767
3051
1122
1320
6294
4964
1665
3462
7618
71
5972
4826
2324
9714
5617
6175
8472
21
3998
6072
4903
1315
8286
6082
9672
4932
3067
6234
8571
7280
8779
7591
4616
9998
3438
1469
5070
1282
7533
1553
9006
1878
3980
2914
9150
5682
5976
8782
2004
9575
8402
8455
1595
9308
8459
1257
3035
8823
7429
3680
9572
8635
7653
6498
9733
1945
2149
8578
5893
5170
7648
8082
4950
1144
8198
7072
1930
8574
7102
772
8526
4751
2988
4918
1734
5789
5037
7412
2878
1368
8390
9315
8507
7137
9639
8647
2133
6097
6573
6313
4737
6436
3706
1478
9611
7069
2825
7027
8704
372
7803
216
2720
2270
5175
2675
6923
9710
4928
3578
6318
7732
9456
6278
9132
8094
686
6395
41
3524
5967
1947
5890
8656
2569
3694
743
246
8966
3644
1084
5765
1698
131
2845
1897
3470
6323
7316
5063
604
9905
2330
4601
8664
2344
5964
410
1006
5661
747
9625
164
4179
3953
7064
1231
1141
2131
9396
4624
9126
6618
2179
7477
8298
7630
8219
5779
1888
6250
3881
5928
2869
6798
6342
1460
7608
8986
568
2309
196
9844
3946
6932
9544
8660
4901
5812
2898
6824
965
4943
7714
5470
7361
1996
482
4080
6067
9917
9116
8902
8707
9788
1290
8894
9409
2400
418
6648
8540
3156
2992
3887
4559
7422
2841
3285
6377
6150
2123
6617
6263
6217
5334
6409
9764
7860
1100
6649
3769
6270
1973
1041
4069
4897
422
4287
5398
3042
2238
6391
4866
5525
8766
6211
8655
5650
7505
7173
6713
8805
2956
7582
1757
1773
8751
3157
42
6990
9690
9408
7291
5722
3839
2370
758
8055
3810
5432
8637
4973
7034
1540
3820
8904
7307
9222
4759
714
6008
1956
1686
9887
630
3836
6591
7992
4055
2154
1227
9824
4037
3664
269
1215
8587
9761
9823
6094
5720
4014
3688
2224
7625
22
8323
8871
7615
1364
7466
8388
2183
96
1939
230
2630
2119
5510
8974
3252
180
6451
8818
7345
9688
3351
2636
151
5841
4255
6417
1452
563
6670
6870
1605
674
4809
2301
3854
8999
2250
5545
6243
8284
7776
2467
8248
1918
7037
5599
3396
9972
8238
6368
385
8080
4704
7118
6428
239
5605
3432
9289
6386
9239
4346
6501
6795
4740
7724
2403
3408
9617
4735
1714
3044
60
9638
9349
5296
9079
2441
9603
330
5072
1298
3806
6505
1336
7354
906
1527
6205
2269
7376
9353
3992
4237
5160
2282
7784
982
2006
9447
9798
5755
7277
8267
4650
836
5303
789
6881
8173
2011
3832
7490
7694
3845
2513
7301
3412
9854
9829
2962
5804
9549
9523
2278
7299
2424
4951
4405
6218
3842
4443
8266
1941
9381
4073
317
6831
9674
6511
6302
9996
1451
4505
7197
4371
4906
9701
1902
5998
3011
9630
4558
1284
1689
8923
3526
4467
1275
5608
3749
4630
7568
8835
875
6304
7199
5078
654
1986
4453
9323
426
5941
9216
9351
7909
9194
5824
2733
1667
6983
75
1388
4000
793
79
3554
6279
4204
2205
5686
2283
6718
3988
6124
1104
4136
6525
889
722
1786
7202
1721
3013
1723
1011
5211
228
8899
4777
4486
5367
6684
8142
7870
4353
9157
1183
2653
4138
8494
2688
5181
8860
1836
6712
7945
6454
8454
2101
8162
700
4461
9342
3983
2724
2690
926
4051
3175
8460
9685
443
3009
8382
912
106
6575
5909
7883
1195
352
9135
8020
4666
8868
6868
5208
7450
6075
1574
4497
7718
3320
6669
695
1386
2645
8263
4692
9737
6901
392
9882
1150
2853
2025
4917
4579
2505
6180
7315
8469
1768
3045
8874
1966
1463
7414
8758
664
9976
8562
7828
1128
8617
4166
1519
2161
6101
1753
545
2151
5801
1912
2596
8667
7984
9162
8668
7679
8487
5135
6899
1372
7702
6750
7555
1782
7673
3551
9169
5424
4532
3246
6360
204
141
4676
5151
2689
3919
6005
2654
2880
944
241
221
5128
8325
4107
2712
5826
2524
7169
8112
1977
4835
8733
6289
3570
4254
2105
6634
6999
3561
659
564
7358
4876
6743
8134
9228
6969
2542
9364
5721
6823
5958
9584
3667
3606
2846
2153
8593
4675
872
9374
6210
3718
8975
9258
9622
3367
5313
1627
4904
9926
5249
7219
349
8769
3232
3392
2820
3536
2404
8712
4688
1506
5688
5977
2015
8192
2182
9768
3700
680
190
333
5923
4098
3612
6266
8897
4985
1268
3381
1648
1625
9117
516
755
9329
446
9637
9974
1985
2173
7789
8941
7265
8330
1886
4244
4300
2622
5067
8220
5375
9227
8381
5809
9421
7542
1033
3020
5641
3193
6192
7282
48
2996
6288
6402
4691
9660
6171
1321
7632
553
2360
949
5386
3873
4266
7419
3594
458
3722
5290
2043
8764
8537
3582
2150
6862
8403
39
5959
3566
2178
1166
414
3557
7286
5644
7204
4554
7166
7935
8264
253
4354
9358
7051
3734
6757
4168
6553
5025
3069
9120
9997
624
6057
345
8773
1432
3292
5526
8847
5165
7764
588
5243
3607
400
7339
6622
6084
8732
9261
9273
9514
4004
7411
8955
8839
6748
5277
1485
143
1960
9721
4732
5501
2535
4749
7861
3033
387
6231
5784
4213
4757
9129
1291
6651
7836
826
464
8062
202
1813
6262
7085
9449
9285
9726
3366
8836
289
8701
2139
8722
1889
4326
5291
376
7695
5032
2679
633
9078
2437
1335
7895
7797
1831
4218
6352
4603
8091
7915
4400
2967
1389
3935
1411
9800
2766
7012
5624
6174
1028
1644
1660
5791
7962
4036
8670
1736
8686
9124
7544
1508
2202
1080
2388
631
7296
7031
7205
157
5813
3684
2838
9211
1716
9486
8424
456
7380
1169
744
4571
2676
6791
4134
8740
9464
9011
4543
613
7824
1865
6109
8639
3604
4986
6816
4920
2685
1216
6587
1393
536
7785
874
9543
959
1971
4820
4180
9438
6522
2414
444
4672
1710
7130
4023
5944
4460
8653
7421
7357
5124
5410
3834
8695
4938
4064
2265
2813
2921
1934
6380
1638
7681
6893
1807
876
4
4670
9431
9444
2459
2834
4187
974
2130
4910
964
353
5058
4220
4989
1683
6778
3645
4466
3701
4828
4446
6638
369
771
1510
6900
3912
2849
8749
4455
4954
6177
3196
6582
2512
5244
2316
8247
1982
2924
8226
4566
7611
550
312
9565
1434
8583
3070
8861
1503
3575
1205
4690
5202
5638
2451
6747
1514
4478
3954
1316
8136
8898
4243
5231
3793
4709
3290
2939
3123
4155
5759
8224
1186
5775
169
1133
3950
4745
9966
4843
6763
8371
8270
5469
9231
3100
8379
7874
1571
9759
1049
5783
5939
5125
159
2943
9283
1898
7964
5299
2211
9152
2189
6023
6311
8030
9809
2097
9067
1234
5261
2730
3283
2541
7324
4605
4050
936
4119
3038
8512
7662
5916
7309
9010
7869
2818
7892
823
5613
1791
6818
2840
504
9014
7754
1718
8435
3759
5193
9163
7967
3726
2450
8549
2885
5150
2870
6515
6629
9029
6944
935
6092
9332
3504
125
783
1202
453
7519
8201
3545
1656
5646
162
207
8373
6200
4269
2100
4418
7831
8413
580
787
9816
7321
8385
2587
5281
1378
6430
953
6562
1037
9843
2423
6584
778
5635
3808
4930
9376
6484
9815
5011
4784
6429
4159
1341
1952
8366
1589
3451
5604
4594
4239
7737
3831
6378
3801
4929
7391
2740
5081
7802
9643
5867
8534
7349
5619
7548
1711
6265
6806
1739
3313
8582
3371
6314
2091
8415
3540
997
4424
250
4439
7362
1349
2186
6632
3485
8122
9512
9158
1980
251
3200
4092
5458
5684
3375
2411
134
1000
9217
9973
7547
8518
979
2298
3659
902
2950
5902
3956
9218
9683
8084
3075
3388
4048
7927
9186
2751
8845
3262
2368
4072
1277
6397
8119
8209
8214
5364
773
4822
8179
8596
2665
6644
9434
5674
6229
2334
8938
1639
8447
5913
8008
531
6940
6061
9136
9583
3088
9736
1583
9913
7760
6081
5216
2931
2273
1105
1922
4319
4262
6880
2726
4493
9591
9975
693
5308
7455
5060
5709
7153
3143
6285
9548
7734
7805
2830
7136
546
9223
7523
1544
8244
5420
2197
306
3469
5905
9863
781
3128
3027
702
5539
8125
4778
8092
1993
1561
3279
1816
1050
9445
3580
9070
637
477
8464
506
3729
8767
7369
9435
784
61
179
7762
4485
4604
891
2677
7954
5629
9001
436
4082
3034
8854
8690
2970
6106
7222
5312
9102
9209
3870
4393
1924
3149
1458
5566
984
3430
7729
3866
9296
1091
3002
1995
2175
9873
8909
3449
5429
4356
7397
7563
2873
6538
7347
4668
777
5411
5790
2612
7104
3091
9528
4099
1833
5982
5685
4712
8007
854
3549
1972
1119
3610
8277
3015
1260
391
51
6123
293
9915
9753
4854
9871
6546
3736
5394
4501
8841
3347
2168
8940
9483
4027
3402
2032
3179
3697
585
7622
7751
7407
4611
3135
2262
5408
2526
9452
8499
5667
4216
6331
1810
365
9140
8524
1436
7068
6079
4879
2318
2372
3404
1339
3390
5522
1366
2828
2538
3544
2851
4935
5477
8256
5513
3337
2415
7562
3558
8124
4140
5371
5183
923
2087
6024
8058
8989
6476
1337
3760
9404
3476
7249
7898
4612
5898
5935
4344
2141
8468
9935
3315
3768
3129
3270
5873
9670
5102
1421
5154
77
5271
2600
8354
1832
3592
4102
9541
1363
7096
9825
815
7014
7000
5533
7524
5955
555
152
9881
4724
990
5792
2078
165
8620
7739
2353
4386
6544
1052
3543
2242
2666
2507
7327
3187
886
5325
9510
803
7184
7120
4744
459
1118
7479
2773
4685
6839
9864
3923
1795
6424
4132
9780
217
5121
995
2786
7363
2861
2969
8958
1401
3186
7586
2214
9554
4991
9495
4422
9659
45
5787
1031
3984
7543
7123
8037
6801
86
7791
5553
8731
7942
4726
5498
7446
7938
2889
8492
1728
4177
3851
6574
4933
1036
8218
1351
4462
7761
3725
3859
288
6482
6909
380
1543
55
8988
708
8110
9778
3814
1176
544
5113
1139
2506
8236
2517
4741
44
8155
7823
5380
985
1246
4165
656
3060
8741
2385
2152
1120
8621
4392
7988
5782
6773
9130
6246
7723
9886
4721
3777
509
120
9908
988
618
8326
8369
9075
367
7721
3426
301
4718
6422
271
5785
2920
2260
3248
5315
2410
3414
8586
8677
6647
8114
5864
7092
6029
986
3521
2761
5690
6088
4764
1556
4959
2957
5692
8156
3778
2018
8042
8396
7981
9401
5189
3464
1235
8843
3603
6233
1943
9606
1224
9312
7171
9311
2716
5180
2863
5095
7609
2215
8343
1785
2738
9085
573
7075
9088
1828
429
287
6207
7115
3655
5018
6108
323
6009
9632
9071
8395
2510
7220
7871
6766
3735
9794
4577
8991
841
3053
9842
5766
9350
4078
9083
2419
5422
1071
5724
2556
5403
4758
3614
500
1471
9757
7623
3265
9981
3227
9990
2857
2444
6321
4182
5630
8451
5116
6550
7297
3427
8394
3334
2456
4871
4298
699
2034
4792
5348
9931
9713
3338
2732
792
3723
6290
8496
28
4152
5737
7424
8588
3300
6576
328
9240
8490
9929
6809
9091
307
4795
1054
4030
9369
5273
5080
3924
9284
1916
4264
6239
8545
9819
7675
1255
1048
2339
4185
3753
6145
7748
4342
6613
9142
9274
1304
9192
6462
3519
2491
4968
9256
3744
1601
6291
9269
8942
691
6730
7891
8175
7997
8335
4850
5828
3911
5643
3973
6616
455
6534
9338
6269
678
8963
3852
2051
3071
813
8810
7727
7952
1798
6526
4273
3031
7159
6654
5573
937
8146
5132
5681
7237
3489
5069
899
9657
3964
3446
4017
6319
7052
612
124
3102
4100
5602
4575
8765
9977
3821
2254
5529
4869
4297
6232
1330
3316
709
3098
5374
9955
4908
4584
701
5561
5647
1621
9834
3251
8550
6625
7617
8890
5043
1233
9851
5393
3957
5816
9774
9250
4846
2453
2937
4323
5309
5677
9024
525
1453
7689
5803
8980
7026
3147
9356
7329
4321
6147
4582
9624
5748
1045
1617
9
6204
8589
6731
2147
7959
5523
4677
9293
2299
5919
7976
837
4474
5206
7643
1910
5903
2142
2120
2881
3663
8817
7974
4209
5850
3228
4520
4788
3310
8126
4696
6474
769
8755
3848
5126
8306
5499
4600
6226
3682
8221
8391
470
7934
7951
9571
1604
830
1805
8962
5945
6376
2245
7715
8308
3934
2181
8880
6554
6988
6142
6854
2900
7656
7474
6957
6696
2008
786
1662
6087
6841
2490
8164
6992
222
7065
5906
9267
4925
7692
7876
8987
5517
7054
2443
8539
7147
1908
3677
377
4564
8796
7529
8960
5880
5832
7873
2577
9303
8696
1881
8034
6346
7522
8143
7101
5683
4483
7944
894
9954
7081
8566
8688
3648
5984
1620
9092
3391
6155
6982
2321
4033
8276
6324
4339
7288
7471
1020
8968
3158
3403
226
864
900
2933
2108
186
8017
8928
9889
713
2364
6457
9125
6326
8626
8887
346
3959
2469
2550
344
1409
6733
5863
4431
6784
3981
8495
7698
8428
3795
2064
9220
6624
2663
3345
6986
2795
6558
719
5304
4362
5518
6590
4695
898
3422
1218
4565
4944
6044
9056
8622
7650
3176
1509
4549
2188
3616
7657
8543
5713
4812
1568
8429
9128
2615
4338
2722
6722
7699
4173
4679
9792
137
5484
7179
5055
4996
255
7629
9448
9515
6464
5994
9215
5830
4861
5276
3072
9636
7738
2348
8049
1951
8602
6663
3207
8893
4555
8783
5430
513
4492
5108
8705
3213
5950
3763
1566
4247
5703
9518
381
5099
6697
8504
1820
8475
4569
7217
8485
9899
8993
7330
7560
3039
2777
5794
112
6126
2888
1578
1992
6769
2090
4423
9292
6856
10
7010
2471
4894
7677
3306
7743
9384
4005
4936
1928
2379
1410
4131
8419
6414
1276
7063
7437
6303
4203
5747
8314
2710
2657
790
7403
6036
2062
8913
4899
8044
6859
9600
53
9400
6125
628
3932
2987
147
4937
526
2833
6925
8470
252
1313
8548
9750
474
3195
1851
2198
2641
5657
1787
1890
9959
7416
2329
5174
4267
8967
2239
1562
3444
4291
5416
6993
5482
650
976
7852
238
3961
589
1532
8734
2923
7612
2166
8693
2986
4399
2634
8322
6112
3188
6272
4542
2326
3915
1989
5363
4416
2014
4253
3990
9297
8759
4545
6330
2518
4320
5425
8268
6931
3906
462
3358
1776
7670
5996
4849
249
9390
4797
1456
1899
9868
4807
3086
9533
8996
4975
1597
2919
6369
2185
8293
8608
5876
6035
4816
8706
4059
1929
9482
1911
9038
1422
9430
8232
4133
5473
4960
5999
3057
515
7752
1426
1018
2117
4189
8994
6830
6260
6050
5797
5335
9530
5453
2554
193
3240
4512
7242
9748
8809
2229
7348
8737
6090
8911
2527
3001
5186
3860
1974
84
9345
4942
191
62
5361
7156
1692
6039
6565
4112
1274
1731
8107
1742
7041
9699
3532
5258
3377
262
2046
9077
4137
3813
6671
4408
7857
399
870
2288
6840
4071
3844
83
7977
2945
5359
3343
5745
5910
8202
2243
3560
3400
7948
8828
7592
2971
5715
5887
7509
1002
6545
3340
3962
9213
6384
132
5814
2540
1513
9171
9016
7821
7696
4572
3389
9406
3517
3339
161
2434
8329
8032
3363
6283
194
2882
8753
6394
6499
7680
7285
6887
606
610
8814
6561
1764
4115
4674
6985
5292
319
7778
7453
2739
402
1425
6348
7614
6922
3720
2335
9266
3936
2251
8262
5349
4158
3691
3314
395
8511
4825
2566
8086
8439
2673
209
8097
2856
4974
4157
9655
4139
7756
532
9519
2620
1097
1376
2439
4621
9903
7083
4019
8133
1106
4373
1350
2746
6110
7378
3707
4163
8412
1374
4638
7497
6131
9148
9692
7056
3261
4841
2088
466
856
2877
9360
6866
3963
3681
9242
4884
5182
7189
9758
8832
5241
6702
6340
23
6060
543
8721
4310
4384
9668
2603
4644
4703
1843
6091
831
7707
8557
5265
3555
9700
5172
1475
4750
1891
3006
4710
940
8278
3586
5739
57
6037
2030
866
7116
7965
1283
6425
6206
5512
9885
4126
2855
4855
6675
1280
8012
6789
9895
3479
2974
8465
557
5711
8172
5166
6883
6064
1441
2059
9118
8170
1570
227
4224
9703
7351
9928
2774
8138
5223
4780
94
1623
6829
8398
5344
5768
9089
2482
1210
6577
4207
9704
5289
6434
1486
6073
7432
6711
7459
6815
1749
3572
4276
5266
4054
5627
756
3598
8320
4798
9857
7336
9749
5734
6019
3690
5870
1591
4410
6280
1430
7901
733
9394
2366
8615
9196
1524
3401
6942
4509
3360
503
9793
850
1965
8480
5825
5879
3460
2308
6844
3229
4707
7862
4548
1114
2391
4201
7515
8595
7200
3101
4927
5164
6667
8910
7165
704
8081
5915
1407
6935
8646
2060
7848
6447
9763
1616
6230
2163
2742
6244
8556
1797
3458
9634
9367
6143
3325
9769
3423
8182
6657
3219
8463
2040
9983
5772
9359
4875
2486
6111
1423
3
4105
6930
9205
741
1854
8936
5187
9812
5885
1338
2835
108
5951
4032
5467
208
7149
401
6220
4095
4714
7865
8964
6014
2169
1194
1361
1406
2358
6487
9791
9559
7846
658
7387
7491
3142
8929
3074
5387
9627
8024
2252
6519
2817
805
2079
551
3065
8877
3868
5207
5907
9930
7535
8718
587
9686
6989
8952
8199
9387
2580
9610
8797
5618
7916
7323
3183
2336
8791
3789
2605
7143
2115
4997
3317
4502
8068
7580
7303
1022
7126
5200
1772
9876
286
4893
2601
9161
277
467
2096
689
6170
5948
8866
9423
7834
9957
2249
6566
522
6432
3824
2158
4538
7810
8724
6137
9942
918
9675
9097
2947
4364
1488
8063
9164
4057
7375
8619
4889
9933
299
6783
3635
9563
282
7995
2196
3155
6479
9034
765
8629
6980
6104
8109
5282
9718
9325
7342
8508
233
1131
1564
497
2660
6650
4669
8368
17
4872
5628
6828
1295
3698
5088
3960
6416
8033
1915
5255
5159
9181
4331
1394
1151
6727
9061
7928
9282
8191
5947
4012
8444
4233
6813
6533
1809
5625
1515
6637
4614
7639
9783
3239
8498
5022
5705
5698
4880
3073
9193
2317
1875
7518
9953
4176
7550
7399
6274
8808
7485
1301
3233
176
6765
7366
5450
629
4852
1318
6680
2442
6635
8610
5242
2995
7725
4909
2436
3019
5710
583
6701
2219
9462
2177
1180
290
1867
275
1896
8925
7177
5837
3830
2642
1062
8245
3114
2628
8658
9469
5274
4613
5524
4926
7541
7585
5846
47
2552
4046
2311
3958
1631
1214
4447
8919
8332
993
3782
1197
1088
3307
4503
809
2591
1861
4202
4449
2686
382
4058
7510
6926
8700
9268
752
3397
8103
384
4649
9224
5438
4610
7460
2109
3541
4723
3970
4983
5141
4802
9870
5584
1760
9747
32
822
2493
256
5751
9026
8859
9924
1801
6976
6120
4859
5743
1827
7181
8281
1580
3571
4615
9042
3876
5402
7356
5925
4578
7448
6281
7539
1949
2409
9230
3166
6598
7706
9729
9427
332
3601
9378
3328
8437
8321
3863
8652
8296
4715
1691
8983
489
9963
8036
3651
8606
473
3365
9874
8725
2868
4519
6273
8227
2104
8856
6297
8762
8786
7308
7969
1347
9958
6586
9507
9005
8090
4044
9673
111
9167
1070
36
340
5714
9098
636
703
2426
6715
2632
1008
5717
7433
6389
2968
4475
7487
5048
1829
8389
8181
6071
1302
751
4174
1173
405
4955
2935
5508
8944
4886
3982
3303
6955
925
653
2244
1082
9317
6788
3630
6614
9651
8430
5268
3537
572
7183
3492
3943
8727
3264
2073
1259
537
9547
764
533
205
4259
8745
4526
6242
7338
1103
6194
9062
7382
460
3809
1125
5603
3119
9202
8800
5588
9698
4404
5418
7257
9488
6510
3755
7779
9138
4385
6221
123
740
9103
5496
9424
5229
8756
7579
6567
4494
1494
6877
6700
245
3823
3268
549
2009
1279
9237
9599
2772
2351
136
8694
9139
5614
9418
4793
1307
905
3840
574
3409
6530
339
1400
9521
9494
13
276
8079
1245
2800
5974
7427
9909
2865
7268
6308
2396
2180
2785
4643
6098
7495
608
6583
735
8972
6952
4961
1504
4196
6996
7581
8630
4972
2972
7957
6455
5865
4779
5973
3843
6058
1289
3751
6442
5028
720
4274
3987
9094
4570
4506
1676
6107
8132
1657
4238
2054
7827
7114
4851
2625
3330
2387
5008
8072
101
5568
9592
8501
7465
4546
5888
9687
7716
1950
4367
150
7094
7929
3197
8559
3294
6006
6668
6785
5301
7763
5842
9290
8523
4263
1674
4642
9766
7449
9147
4739
5834
5238
1443
3746
3061
5476
130
3459
616
9336
6853
2275
2515
6268
1610
5090
5564
7894
5038
7494
7157
6803
4001
5810
8349
8785
5891
5936
1154
4590
6140
8709
2711
2484
4444
9501
9666
3333
5026
4747
6070
1520
9144
2823
8790
1294
7445
7669
4667
4154
7482
9802
5378
8128
9420
5051
9879
4049
7794
3976
5287
914
8611
9771
1547
8061
7686
5137
7182
9263
8503
5365
1958
5981
8070
491
9399
9433
3812
2213
9027
9007
1123
4335
5096
3940
1987
1744
2668
6814
8744
1948
1957
2909
354
2649
1937
7481
9910
2809
9671
2209
1
746
5642
6027
9080
863
4170
7489
9648
2687
7192
2303
2852
1064
8567
6933
6400
3748
8016
3055
3955
1328
7863
3173
7516
4913
6962
7472
2074
4878
8720
2134
298
2037
1424
4200
2206
6293
1729
6343
3301
963
2112
2537
2287
7350
8520
3640
4713
8317
620
2977
4280
6448
9503
9470
5197
9849
7255
4340
3238
1868
1727
917
3216
8417
2963
3916
1153
1664
7409
7447
8641
5087
8189
6165
3214
8147
5849
2458
1688
7684
2005
12
6163
4123
9807
9711
4205
8903
1095
8631
8009
29
6737
5169
4536
9492
2607
9066
5262
7782
3047
5668
4810
6287
2760
2694
370
7133
5788
3461
723
3546
3637
2438
3620
4109
3169
6305
6919
4094
9689
6059
6843
2754
8603
3132
1207
4016
7773
3466
7266
825
8316
5799
8514
2859
8926
4663
6492
247
8474
7394
8102
8613
7607
5530
6924
8026
9716
2255
218
2979
3611
6918
1472
5227
3933
5918
2135
4003
3510
3455
7956
1148
4731
9280
9826
671
5912
5250
5056
117
1905
4966
8141
8954
7558
9037
5662
3151
8060
5203
921
1953
4002
5089
4086
4631
8115
1081
8338
2007
6083
6793
8676
8113
8452
9090
7526
4079
450
8600
6066
1457
4476
9542
3218
8651
4068
9023
2013
5776
4694
3481
3989
1001
9827
7203
4984
6834
8052
8260
3383
1419
9527
6413
3931
8716
2928
2648
7682
3096
9767
7095
6190
4430
8754
407
9982
4343
9640
4653
797
1516
7926
5156
9567
6153
5118
341
7914
8937
9506
1998
4402
2959
368
2129
9086
54
9030
4268
8311
4231
7381
3625
3556
4351
4336
4597
2192
8307
9588
6473
5447
4127
2216
3076
361
5016
6997
8844
6847
3665
6963
4452
6541
8801
5672
6440
5504
6603
528
4898
8456
3783
655
1466
9478
4791
524
2394
8905
3112
7294
8346
6426
343
1979
6249
3454
18
9333
3326
224
5537
145
6746
3399
5927
1573
622
2721
2706
3965
1594
1003
3093
5064
3445
6914
7312
7757
1383
9346
7933
5251
8654
5114
9555
364
1096
969
424
930
2672
6375
4658
1557
2594
1238
8804
4660
5551
9473
4891
9060
7553
7279
9593
2727
6621
6794
9633
6001
1323
3017
1068
5882
1781
7654
8824
8738
560
617
8776
480
2698
7417
7328
324
1164
5744
6062
6968
6717
609
9635
2908
9020
6523
4281
9980
5571
1190
8691
8985
4031
7006
7119
3356
7162
3323
7185
7853
8117
3507
1695
9235
1921
2247
1066
5460
6915
5318
9923
1745
3032
6943
7186
3869
7486
4240
4629
3495
69
5598
6744
9002
2961
2815
4063
2598
2176
2378
7396
3739
5002
2896
868
3730
8857
7900
2162
5158
5329
1925
5215
1531
7135
7089
3126
1926
6871
5555
1243
4114
4830
2474
3944
9362
6749
9465
739
5990
4223
7163
6167
5997
2259
5488
6398
3717
6898
7687
8204
1306
2463
6984
3829
5691
4862
4236
5754
8421
3311
2989
8682
8397
3937
869
3528
2678
3972
677
8892
9363
698
3602
6903
9808
6495
3948
1431
6130
15
8031
8547
7196
5337
1170
9113
6
1655
4963
4568
5985
2806
3380
5943
3148
3738
9295
6848
2952
4412
7024
1446
3419
3649
5346
3904
1920
8186
1658
4469
7355
2480
8029
1678
8833
3152
8713
9497
9848
2985
9348
4496
3043
3331
1850
5247
3224
8225
7713
5515
7405
9337
7851
2231
9970
6610
5857
8939
2695
4026
5006
3621
5245
5401
7415
3062
9795
770
92
6549
261
1523
7904
924
8200
8259
6435
3255
5353
4066
2363
2715
3849
4661
3650
6013
7817
1492
220
8077
1882
2417
523
2416
2568
7040
7044
9051
9901
647
9987
9380
882
1111
1761
3941
9028
7443
5818
687
6055
4407
6911
2767
1413
6223
8500
4090
1733
7344
5491
1505
9937
2589
8525
2509
8231
5831
3312
3441
142
1077
272
413
7829
9259
8243
3901
6300
9539
3163
7148
1056
9199
5808
3201
6835
3029
8135
4848
8309
3344
6127
2440
5407
5298
1496
4403
4454
5405
2295
9343
5609
6236
334
4249
6179
1161
59
7270
5592
1909
6185
6528
4626
4221
4406
6646
7398
5107
3084
7649
5656
1102
1700
3124
1380
6161
5486
5024
814
485
3208
592
3525
3052
5005
1722
8411
7152
2705
4383
5575
1847
2237
774
7132
4277
8675
6458
980
1978
8752
2824
3085
2709
6964
5377
9939
9286
571
6540
7512
1046
3979
9450
7295
3398
2257
5023
7838
3415
3215
5409
9712
943
3825
7758
8544
6184
3889
4824
5859
2938
5852
6764
6227
6316
4839
2019
1750
2089
7335
9031
4537
9537
7463
4813
4316
1944
1248
9552
4458
8865
8160
6026
8108
7028
5333
7121
1814
8563
3656
2470
5094
9377
8976
7593
9505
4583
9245
6873
5379
7890
6703
5134
6800
3416
7244
5176
9964
3693
3120
8642
4299
2035
3784
6051
9252
5761
605
2557
2563
6594
1247
2743
8363
3745
3890
9856
8304
9601
8807
2614
8432
6954
1577
9650
5932
4736
8171
2501
479
5442
5454
1587
6938
2792
5320
6443
6959
9388
535
7511
5851
4595
5728
8043
7882
8407
74
6365
7110
6309
7430
3278
1391
3716
6560
2936
242
562
8846
2523
8891
6535
9656
3638
5767
661
9429
8372
848
8208
8864
2808
2485
8981
796
2367
5490
688
9832
6698
4883
7975
1877
1242
6188
5330
6080
7879
2071
5987
5123
1769
2475
1288
5468
4349
1551
8211
6951
2194
3858
3772
3898
9891
6810
2146
5895
4890
9198
9607
5167
3792
2099
8729
2352
999
6947
534
3298
3082
5068
2955
9743
9442
9545
5869
852
4029
3550
8422
6118
7005
8739
2879
4981
9190
7683
4451
6662
7540
7276
7801
1334
9105
4463
2864
4931
7787
4388
1107
7966
8793
4398
2258
6687
652
8255
201
4867
9614
5727
2488
1497
2350
4873
5544
97
662
9057
8230
7819
7209
1611
7290
1895
9253
8552
1007
9058
542
5035
9008
6405
6222
3289
4391
6945
582
4432
2356
4567
9960
6020
3850
9676
9740
2253
7441
7651
6030
2468
166
3626
9043
8235
2056
6699
8633
1967
2122
3154
1841
6460
6960
2446
2982
8249
280
5532
3221
4093
8051
6411
6040
6826
8959
4311
4518
5729
6307
8661
5046
7317
6589
7733
933
4437
3223
7160
9585
5149
5448
2953
144
4225
5239
1673
9765
1221
3797
3774
8649
1511
879
8521
2111
2582
7999
7032
4923
9316
6074
4657
1160
9664
6383
9746
183
43
9950
8697
1502
1964
2763
6022
4606
3647
4673
5471
5191
5502
3105
9922
5481
6105
4191
8425
8130
9590
4921
7638
8288
6445
8461
1693
2338
3978
2132
8336
4885
6178
6707
7496
4940
4722
4773
5059
8318
670
7985
8493
9649
725
6166
5796
4332
128
1034
1738
1074
6419
7594
359
9621
2354
5147
7697
6275
3159
8517
3448
6889
7676
3671
1607
2547
7311
1641
6373
6615
8357
6802
7514
3359
1777
7815
3286
952
2504
7333
2581
1439
3705
8365
4464
8717
8726
7546
6579
6028
9532
3274
8946
5306
972
3008
8057
4178
171
118
8730
9201
5434
8416
2578
5237
3952
5853
1462
1654
6692
1057
8303
4167
4327
2545
4965
2929
9275
6182
7868
5062
2065
4523
1005
8799
6838
3520
7503
9946
5264
2539
6807
4341
6338
7230
7467
5696
6665
65
6796
1852
6861
9012
2125
5222
7236
1784
1312
7073
8183
6135
1204
3442
1470
5700
5917
3118
901
9052
4074
2842
3420
8458
1333
8059
1078
494
673
1404
5240
5896
5952
4539
3452
1143
5366
1269
8229
7431
1381
5590
9477
779
8269
9520
3799
7108
2729
100
4992
4103
4160
3440
4827
750
6612
7626
1767
6805
7278
4716
5190
2565
7808
3433
1124
4169
2325
6469
2592
244
1203
8011
6779
6018
684
2782
8789
4144
6897
1652
9888
2692
3249
3907
149
5881
9723
5601
7565
2386
950
3968
2160
2164
2741
7061
2626
6891
4499
2384
9805
5336
2010
7645
7589
447
7644
1109
9341
4197
1725
2227
6867
8053
7009
9019
5328
1575
3661
469
8275
7850
4905
8827
4513
615
3875
6187
9742
331
7837
9613
6521
4477
6404
3266
7517
431
9756
9945
1670
3003
4727
329
1775
718
8505
9176
3016
4468
5464
1962
2174
371
1058
3109
569
4683
4838
7588
2382
6151
3352
567
3771
93
2076
8597
8515
8683
6354
8982
4782
2223
8157
2314
9508
7527
9663
8528
922
5076
7141
5840
6593
1017
3523
6543
8341
6235
1162
6301
6811
8041
8838
6160
4194
2650
3354
5712
8711
8657
734
2755
90
4473
5232
2561
3230
7071
8666
1184
9203
4514
7059
3150
7864
4617
8073
2595
9073
9875
8840
6551
1357
3985
4953
3477
9801
2429
5946
305
5675
1518
9432
6078
4420
9892
7105
3660
1845
6485
5148
8139
8680
9271
7260
2549
8478
9232
5248
6956
601
5145
4409
9738
6760
3321
597
833
7164
2232
2954
3493
880
5358
6284
4591
785
448
4248
970
7167
3353
1365
5323
8384
3439
2892
4377
6600
6102
7287
7918
9159
5485
6371
5449
3385
7001
1754
9499
4360
4034
2481
5053
5122
5220
6322
5940
9392
49
519
4602
3282
3593
7741
6502
8560
9511
3357
9741
2719
2604
1076
928
9866
2771
9265
9146
5021
6857
1855
9127
565
5649
2050
5437
7178
5718
3350
7963
1192
3913
9557
9615
3512
4110
6053
1747
6520
5931
8876
1759
7444
2381
1135
3828
4352
6423
9013
5636
9294
2664
89
9145
3144
5822
8601
8842
9393
9722
3483
7233
3064
9087
7855
3447
2476
3627
2022
7484
3211
281
1344
5920
1830
5029
600
3125
7099
2516
6169
4294
862
7899
4789
1408
2651
5331
9184
6282
7360
3180
9604
6597
8222
4307
3329
1468
2261
8748
6054
3639
2412
215
6041
3826
2750
6592
397
9661
5569
498
6896
8433
2193
7613
7619
7672
7628
7223
5741
5807
6719
5543
4278
4162
6048
3465
9143
2775
4482
3431
8294
7271
167
6255
7436
2497
2212
7811
9564
2103
7334
9123
7583
210
9562
3083
3276
2737
9859
5622
2085
5554
1546
3564
5795
8901
737
3305
9814
5106
7804
2230
430
7767
919
173
9100
4687
1308
5514
6620
828
240
2951
798
4647
1961
6471
3058
8650
2452
3386
9612
6619
4516
619
4652
4748
8530
6379
5676
8900
8565
7243
1222
3260
8848
2674
9461
9680
214
1794
7084
6421
1137
2680
7571
8193
2421
7559
155
2347
1251
6851
1121
2717
9467
1507
4024
9339
4914
9281
8223
9244
9455
1355
2038
9986
5697
8440
2241
6580
3903
7062
2312
4970
7373
4842
483
911
9932
7532
5492
4772
9576
4962
7711
1632
1699
3790
3579
7017
6827
5065
1417
9653
2708
9108
3387
4799
1026
4088
4623
2701
3254
2361
8555
3596
8553
7420
1440
1021
7968
9319
7248
3171
2571
4786
2058
8333
5836
3847
3622
9898
1751
2207
9437
7943
321
9106
8289
2681
8168
1802
3097
3800
8538
433
9498
2127
3117
8250
9839
6907
7822
3049
9752
1726
2637
4229
3807
9618
978
7158
1856
7693
37
6257
8002
6636
6420
3788
2735
9526
4808
7605
9988
5004
2821
5246
146
4705
8291
1545
873
7195
2793
3918
4753
6506
3879
9182
9101
5285
5961
8305
1382
9365
9137
5305
1919
465
8467
3785
4067
2745
5534
9046
6729
4038
5730
248
768
5586
7701
8951
2200
1415
9846
1612
2624
6438
8022
3695
1994
5960
2590
5633
1763
2349
1608
2454
2837
808
4359
9992
4440
4588
3453
1455
3591
4153
3023
8446
2922
274
3028
185
3802
634
4592
8961
8345
7641
5578
4006
3841
8378
439
9755
9496
2328
8331
3066
6470
2171
1685
649
5827
6695
9697
8019
5805
638
4053
5272
6215
9309
4436
6133
799
5725
6706
5163
971
9669
3487
7728
9373
154
7783
4135
8360
2844
9865
5098
409
4752
9082
9287
7251
4618
9550
3883
5970
6987
5192
6664
6751
5463
8377
4573
1703
4097
6138
967
9405
7983
3986
7493
9587
6742
8129
6390
2658
5010
1185
1976
9534
5899
1694
8195
5372
4702
8364
4598
4993
1525
586
1094
8213
425
7598
406
977
6356
7710
7021
8076
2128
1175
3078
4368
1596
4540
8918
5066
5570
8471
3761
1178
7513
6437
2483
3349
5758
2718
3373
7253
7912
2555
7799
1708
3885
8775
1270
1914
2315
3862
8945
3780
9691
7057
6186
9093
4999
3185
2998
5921
5332
6508
1823
3435
2752
8580
6981
3927
4770
9352
2707
690
1327
8820
1223
907
8956
4084
7142
4533
8819
1083
9440
4680
896
8067
8039
8594
909
800
9197
6045
2894
8826
9000
7604
3539
9210
2170
5593
954
920
728
9949
7884
9306
2826
198
1647
417
5654
291
9828
5039
3297
7404
726
1127
9472
9744
7346
4062
1542
9789
8915
2528
844
820
8640
3190
5351
3642
9961
1348
4576
7878
4286
3576
8261
5929
5439
6609
6444
578
5415
5780
1402
5979
958
4419
9934
8687
6504
4939
3024
6929
5017
8849
981
8889
8931
1743
5057
3308
4334
6556
1314
170
4766
6439
6850
2610
590
8862
356
1959
7139
5319
520
225
4987
4142
1712
7854
342
4957
2172
7128
819
5162
3174
7659
294
119
3615
853
3600
3613
3926
1672
7125
1803
7263
4417
9925
7576
4428
8536
326
2052
3567
6096
3692
7043
7015
3518
7390
4860
5762
3674
2217
6884
9568
7191
4214
5033
3259
6643
5817
8178
7537
9255
5560
7953
1010
7574
6500
2805
8491
8927
7726
6116
3581
3004
7042
2659
2487
4470
6197
3796
9032
9760
6052
7816
4212
4701
2593
5369
821
1354
2204
8531
2769
6381
8046
2627
1835
9471
1433
67
1482
9608
4553
2399
6542
4915
6939
2643
5003
2529
7246
7038
3553
8144
1869
2093
3111
4671
6710
7922
5324
7897
5897
423
38
8410
1707
5419
7264
3634
676
3256
7211
4877
9004
7781
7053
2662
3136
2780
9479
7395
442
9509
5563
303
6786
9248
7442
5354
3509
643
1567
7627
9845
411
4804
2431
4450
3406
5704
4593
7844
5435
5030
9770
6755
4717
859
70
1681
8359
6132
3021
9361
5104
4907
9385
8692
9330
7247
4528
4864
8634
5489
8878
1669
1893
4697
5230
1762
3689
1666
4087
9919
8015
2623
4448
2819
8448
5209
4665
1969
8050
4333
5120
7438
9326
3369
749
5343
4125
9035
3819
1370
2918
6595
4459
177
9243
1484
3498
6100
113
2884
4556
8568
6754
9166
4912
6189
6033
7893
8327
8509
1427
7917
5968
4256
3237
6673
7281
2047
991
8872
2744
1853
9907
6463
7353
1158
4188
3491
1826
3794
6433
9594
5212
5198
2461
1790
4438
4922
1593
9229
9278
6456
8516
2696
1189
6199
9728
2895
8111
3733
1526
4811
8746
9943
2944
3141
2543
115
6972
7039
6581
3287
6173
9500
5279
8088
2753
2519
374
3191
5225
6849
8065
3505
5838
7867
8404
5342
6209
2958
9304
181
4401
7597
6245
267
5503
3713
496
2055
8604
9911
9155
3304
745
903
1396
6928
2699
951
7144
1303
6681
8228
6068
7587
7595
7793
7937
2966
9902
1619
5989
748
5140
7691
3122
5143
8185
1863
8625
3742
9995
7772
6917
3411
8743
8457
7002
5142
3322
4089
2531
9947
7106
4363
6453
6688
6941
3080
9620
4295
5235
7434
3704
679
5660
2201
6271
5173
8087
7661
3425
4271
3878
1884
9647
6677
7229
1331
454
8014
6808
3456
4215
2292
5341
724
8350
1706
8883
8423
2831
9965
635
7284
2814
715
9238
3548
2307
2155
3710
8001
4394
475
3165
7507
2533
6310
3139
5236
9407
3364
6517
780
9154
3938
2768
8778
7941
3063
4445
4946
7796
7045
91
3192
584
7393
7610
5389
9938
6833
7428
104
7520
5455
9751
2872
7215
195
2124
3562
4948
4982
1894
1968
8462
3699
1789
3370
1208
8614
5214
3547
6396
4395
599
457
318
6472
9207
5597
4776
5233
9153
6254
8943
8035
9717
8643
7267
1232
927
8285
3131
1043
9298
6114
5495
9784
393
6497
2932
4976
1793
8190
4530
6908
4832
1236
7936
2765
5988
8822
4765
4077
1405
3871
4651
577
5339
8237
2548
5466
4881
351
1533
1326
640
8283
4358
4076
3816
1792
5042
7599
2848
156
3210
6759
1609
1559
5034
7666
2460
8486
962
2803
1449
4655
4636
6601
8908
9517
5317
6882
2644
3145
1090
9320
4552
1535
9368
5472
4521
3565
2297
3467
2661
742
8370
284
8781
6034
2779
5293
939
260
4529
9305
6299
7313
2457
2102
8685
1675
5031
7534
1244
5778
3077
8025
3530
9045
6762
6770
9340
9331
7880
16
2608
5445
5224
9984
8971
5732
8969
6607
6642
3900
7088
7835
7982
1012
9069
311
5607
1429
4560
9195
776
200
3090
3182
4293
1600
2235
5904
6728
4761
4251
3893
6726
6819
683
8869
7214
5965
5506
9247
6241
7902
2284
5412
2794
9644
160
1113
63
6653
7570
6902
7750
7305
2930
3056
5199
594
4303
9609
2667
8714
2905
8004
4122
5883
5559
4730
8978
9009
7145
2616
7872
2167
8708
4183
259
2116
4387
4104
7621
5771
2787
5417
8358
6734
5019
9985
1201
2271
7573
4902
8479
8772
3368
1871
6162
7768
4689
9804
9419
2340
5253
2891
7488
9921
3587
611
6627
3838
8137
2492
3342
7939
3569
3662
5433
645
6367
1808
4347
3335
9328
6513
8884
5322
2816
807
3115
9044
8476
6978
6317
6516
2927
2081
1009
2574
7216
3189
9662
9818
1696
8542
2296
8672
5983
1237
4101
5516
1387
2433
8821
9573
138
1629
231
3910
8100
3244
6490
4574
7990
9654
1299
7849
192
2850
212
7004
1576
1679
5050
7194
6846
1774
946
9796
2890
5452
9475
5479
296
8342
3522
6336
6714
4434
7025
9602
8418
0
4304
7435
9598
2597
3752
6002
9322
6852
6946
5687
8852
4145
273
9838
9705
1495
8038
2812
396
9463
1266
5585
7825
6732
488
1824
4257
5626
2602
4124
4369
5731
5971
7688
9535
1671
1281
6483
1435
518
4837
1815
2703
7383
3686
4390
8163
1353
7970
1474
1842
6704
7212
1913
9254
3527
9314
3271
1035
1209
1705
5103
7231
297
6089
4148
4819
3515
4041
766
2098
