900
552
451
984
381
281
982
523
210
894
288
152
383
516
942
719
910
488
750
895
253
50
756
428
391
465
960
879
850
314
808
661
758
63
49
867
993
9
821
565
968
242
443
701
15
786
286
59
862
4
89
122
128
214
932
0
530
263
227
510
262
512
140
554
248
320
29
303
828
163
507
21
167
310
802
866
292
459
826
420
405
745
973
836
51
452
941
332
981
131
596
546
975
977
576
307
740
198
243
906
355
158
233
649
549
424
482
81
28
68
780
529
683
988
857
473
690
396
898
528
588
62
641
36
938
700
592
953
442
560
160
762
903
674
2
699
199
536
990
884
561
173
921
88
531
883
291
876
518
731
335
65
562
486
979
99
377
207
415
880
539
677
326
437
950
564
159
575
729
124
67
612
419
312
846
478
689
117
284
113
371
294
777
615
354
185
220
265
373
602
887
90
344
434
709
634
753
532
746
643
322
201
27
810
57
818
202
930
172
13
454
997
261
289
47
278
778
697
447
721
662
95
603
999
175
100
691
797
813
267
347
757
688
75
618
619
60
118
385
904
37
767
432
369
151
219
255
417
517
370
794
964
609
472
537
543
948
479
806
764
120
54
166
851
957
837
439
238
269
626
145
46
273
684
551
986
747
705
540
105
544
712
686
834
329
949
368
692
817
34
301
468
877
897
823
782
132
279
390
364
998
978
946
394
783
217
483
407
230
795
492
743
558
642
571
226
240
726
97
313
92
655
296
282
356
311
669
249
833
839
739
25
590
376
651
157
205
287
513
101
161
574
955
41
58
608
646
811
254
165
361
847
353
856
338
759
203
418
8
389
480
842
713
600
889
327
450
653
400
38
386
176
98
155
19
659
485
623
635
189
943
888
989
566
763
348
250
276
585
462
190
179
611
387
515
171
107
403
791
915
625
461
937
728
800
397
78
237
985
962
912
467
177
345
382
680
363
567
891
170
741
156
613
216
798
463
304
18
947
197
73
379
298
388
114
630
334
130
45
448
257
42
229
398
471
133
569
559
754
232
570
607
622
852
231
682
316
670
264
812
466
548
720
192
380
755
844
859
779
11
665
260
723
868
191
573
433
300
104
440
939
987
162
668
796
831
865
878
913
30
241
816
401
308
902
116
593
129
268
583
340
882
869
20
366
493
134
545
412
627
525
408
239
958
144
768
724
56
940
572
931
807
841
840
774
40
323
871
258
475
509
749
527
236
872
534
538
395
582
476
671
333
905
815
76
341
514
752
274
863
787
578
169
430
907
221
336
718
138
809
421
553
481
766
644
505
503
496
69
349
874
66
225
886
860
614
460
687
12
115
318
722
954
411
367
599
474
212
7
654
918
359
773
542
825
951
61
892
702
180
785
579
404
500
477
605
497
594
378
595
715
673
77
568
325
881
106
556
234
716
270
621
393
351
835
557
524
760
822
591
969
656
337
824
899
819
147
32
484
706
499
259
959
5
426
143
638
506
647
748
436
295
640
285
293
154
372
136
885
174
911
920
855
672
55
502
110
597
533
183
153
16
956
547
188
675
215
164
339
922
235
624
435
495
246
629
135
280
384
464
784
121
142
168
832
487
1
963
489
272
416
775
137
563
196
178
521
976
736
94
541
91
788
181
751
637
511
228
429
23
283
83
616
490
522
350
392
195
935
498
589
584
970
193
861
628
804
666
256
858
148
149
431
924
972
33
679
890
290
535
769
48
508
761
423
330
218
84
470
315
742
617
22
727
35
445
402
652
446
685
801
306
698
441
438
695
838
413
555
302
901
108
204
26
469
927
703
187
843
362
86
277
39
994
610
735
893
319
952
266
455
995
620
606
375
944
224
222
586
453
732
896
650
814
209
772
853
321
676
271
710
449
328
112
770
206
870
343
200
790
730
275
926
409
223
146
925
53
771
803
72
980
44
848
738
909
667
52
520
604
213
971
494
829
864
444
251
636
96
342
331
17
14
422
793
645
324
43
845
717
577
657
632
737
358
317
805
919
80
792
182
693
929
457
71
660
991
873
694
601
357
501
967
663
427
247
526
581
150
923
305
580
3
587
85
458
733
678
24
504
414
875
125
658
491
299
707
127
714
252
410
297
10
70
914
664
648
830
64
31
184
781
799
974
139
704
789
965
245
708
854
776
966
734
917
141
123
996
87
74
983
711
211
933
244
360
934
406
93
633
103
6
346
82
820
208
849
744
374
365
945
309
631
119
102
456
936
126
696
908
681
109
111
827
916
352
725
550
519
639
992
194
961
399
928
79
598
425
765
186
